509 889 274 516 270 158 689 269
429 62 689 120 577 102 946 689
490 749 414 858 516 836 814 636
610 371 652 270 892 226 793 16
751 934 685 5 599 227 749 12
934 39 865 938 595 946 595 483
55 601 977 84 565 889 469 121
793 243 687 311 5 677 711 379
793 932 516 296 918 713 409 409
842 462 825 612 793 835 747 587
793 62 840 43 680 68 271 978
226 692 749 646 988 29 687 677
270 638 121 711 847 749 791 835
178 899 761 889 432 855 681 485
689 749 711 934 712 267 587 24
677 997 875 677 793 43 606 184
577 899 938 631 917 56 904 339
670 394 296 402 516 934 29 228
889 921 39 323 231 695 665 801
94 550 320 547 878 751 82 788
591 516 516 681 606 103 516 799
565 153 991 24 333 462 689 961
109 761 751 84 201 556 531 275
866 522 584 640 24 565 977 587
611 100 902 741 535 689 182 222
793 247 516 202 184 404 296 386
186 872 409 973 638 277 858 766
638 514 889 265 892 246 334 631
796 395 270 226 681 135 113 860
632 677 712 980 870 747 409 793
112 465 501 665 322 793 178 24
858 897 652 968 66 409 638 769
595 675 677 43 462 741 253 570
270 486 161 654 824 187 149 121
858 739 579 24 488 711 734 976
679 248 930 2 308 333 587 799
861 754 798 934 182 448 231 731
677 806 831 934 617 432 273 24
703 405 677 522 817 121 939 245
895 429 888 172 145 934 5 977
490 946 587 406 84 829 149 498
700 960 676 24 991 121 84 256
793 855 889 834 906 689 432 829
713 798 402 685 483 249 685 665
652 441 39 270 631 202 677 587
40 103 134 121 745 226 934 429
405 226 226 611 587 325 689 405
934 226 508 640 409 713 679 231
687 252 24 652 497 587 823 82
270 67 712 182 891 342 749 556
617 676 84 625 409 680 129 24
409 799 81 261 793 569 677 24
689 677 255 880 201 606 959 62
616 498 689 680 745 121 301 500
625 798 677 435 656 248 952 576
713 270 919 823 798 577 527 230
793 386 758 570 400 200 21 741
946 43 607 409 540 806 176 689
411 916 652 926 563 631 47 337
256 997 36 569 264 680 270 201
733 734 676 526 388 839 342 239
253 931 5 577 516 409 384 646
683 57 670 677 84 646 301 516
47 19 681 931 121 732 84 775
596 587 587 858 858 607 583 680
348 290 960 109 516 713 895 707
793 232 610 16 498 847 703 226
272 435 582 228 202 503 587 625
885 872 84 643 934 455 487 121
251 322 796 222 270 593 184 402
680 306 805 182 447 466 446 182
889 332 100 555 394 530 863 749
685 37 587 226 858 587 411 646
226 961 858 877 825 858 801 145
775 444 616 934 24 66 677 368
40 587 587 712 677 379 652 711
680 654 839 898 456 26 974 606
658 249 226 776 703 133 145 591
593 84 677 497 64 161 224 24
827 495 974 358 654 576 645 674
356 747 591 749 848 255 934 687
374 665 40 803 587 681 968 376
123 240 178 677 381 84 710 333
306 786 847 123 167 677 501 519
973 84 858 806 516 220 595 734
679 889 516 527 680 761 766 24
233 638 575 889 625 577 520 761
843 36 596 803 677 677 946 131
569 587 587 535 516 677 248 793
353 226 595 414 573 462 810 685
388 872 866 138 516 591 363 121
560 330 118 483 747 414 164 342
677 527 799 270 508 197 953 587
828 197 40 527 5 711 313 5
162 321 202 812 94 24 711 201
139 194 798 182 749 987 677 880
775 456 858 105 320 483 201 870
148 336 530 414 606 59 607 184
872 541 835 655 66 494 587 301
652 432 47 823 516 644 679 703
670 685 4 226 518 451 633 121
370 501 172 555 301 587 959 123
677 473 677 951 721 121 59 568
209 516 64 839 409 721 256 575
645 580 775 384 587 682 865 333
485 889 793 172 231 677 652 671
106 516 555 587 895 576 370 35
587 587 516 226 817 638 320 226
167 84 66 298 747 823 652 602
701 611 381 247 960 439 145 934
858 839 297 514 713 928 59 103
503 858 755 213 370 679 905 516
828 980 121 384 786 685 689 617
226 889 739 622 396 677 334 145
248 776 825 226 996 646 56 625
521 435 409 998 452 677 166 694
261 689 117 198 102 677 539 66
508 669 178 386 308 749 414 839
712 172 585 201 685 606 580 670
828 555 371 201 121 175 57 315
121 865 184 670 831 839 839 576
751 951 246 24 858 683 107 891
253 541 398 937 423 516 386 680
685 289 875 569 402 270 579 377
617 492 184 530 892 516 542 576
899 587 57 731 24 793 226 587
595 314 84 978 389 293 625 409
60 887 432 121 794 749 677 274
354 638 880 587 516 895 462 679
625 94 946 20 24 679 46 246
399 109 163 606 40 947 689 270
974 916 677 968 246 694 679 962
603 216 626 447 710 677 749 270
409 514 843 193 296 617 799 967
606 652 677 847 625 675 47 98
138 127 569 511 665 532 820 638
875 78 167 951 703 665 672 226
823 40 498 495 579 233 934 587
517 486 244 400 778 670 848 503
432 483 677 462 793 226 941 243
632 689 62 226 579 270 737 775
783 333 950 365 637 885 677 401
679 414 684 493 438 805 793 677
379 100 617 685 47 462 5 587
713 606 751 766 256 777 681 667
226 484 694 516 652 689 483 685
485 679 431 24 580 587 226 895
226 81 646 121 471 246 5 711
807 226 184 314 178 226 409 388
484 318 830 563 131 335 858 484
606 899 512 25 24 318 226 950
587 734 681 462 712 766 84 432
134 233 858 798 24 398 516 607
587 191 680 485 256 936 231 677
456 82 388 839 501 889 638 499
40 12 985 679 885 332 751 121
587 576 799 875 625 711 158 516
514 84 599 587 677 848 568 410
749 679 77 673 432 118 946 225
640 798 639 679 787 917 103 677
167 908 681 862 226 889 591 617
670 233 992 244 587 327 490 935
815 395 569 854 587 587 646 125
167 685 432 152 839 209 167 270
968 390 707 59 799 973 231 712
570 332 825 270 233 677 670 434
550 24 24 689 885 677 677 516
766 359 934 799 384 516 694 642
393 340 638 902 987 865 799 392
681 631 974 827 516 333 516 910
962 409 677 481 301 499 823 121
328 989 677 490 585 577 64 414
511 749 793 834 32 462 24 270
516 749 508 409 946 161 84 677
382 625 946 67 968 685 604 793
24 918 847 439 677 121 607 606
256 772 506 676 677 167 880 749
226 916 490 196 713 284 89 566
522 827 718 858 226 84 676 892
980 118 482 447 213 602 761 858
787 685 107 39 522 984 658 907
416 570 433 711 884 121 462 681
800 934 164 270 16 934 587 749
882 265 388 409 516 24 974 646
30 825 848 414 469 320 516 798
114 662 121 112 84 409 405 744
847 34 587 606 0 516 82 766
912 793 516 530 409 677 4 931
638 920 51 968 398 270 718 533
733 839 629 858 301 689 843 793
214 402 880 121 475 839 974 214
308 594 447 895 677 937 934 934
631 372 712 858 270 380 215 226
739 531 501 57 847 404 11 677
905 605 205 858 59 884 256 580
74 476 542 270 583 959 535 600
66 275 827 256 398 510 121 27
934 516 172 679 191 950 843 777
447 635 959 847 369 134 333 681
961 946 931 999 226 961 319 483
676 178
535 717
40 689
81 652
587 553
323 749
405 66
677 52
587 577
84 689
565 121
677 84
665 761
470 937
66 934
705 704
250 24
632 745
946 516
848 787
99 834
580 84
934 146
603 84
164 681
330 946
270 950
270 516
606 24
762 448
60 236
398 84
951 974
990 117
587 82
493 47
941 416
772 612
16 384
595 880
247 793
587 340
828 516
917 36
9 843
606 974
508 435
84 226
570 677
596 414
516 409
40 353
665 435
897 689
843 665
296 677
252 889
661 5
270 629
463 24
516 121
231 301
587 516
786 665
439 960
907 483
355 24
677 666
516 25
24 830
178 24
677 681
682 508
429 736
722 934
209 508
501 84
824 390
311 677
799 236
606 353
853 679
104 749
580 959
167 365
839 24
680 183
569 318
226 685
675 568
687 615
29 646
483 24
595 999
845 320
677 24
342 573
962 462
734 530
895 3
689 103 961 677 63 4
958 934 381 535 122 936
226 677 308 972 687 926
997 121 786 178 231 565
579 713 749 689 40 516
640 732 84 260 679 646
231 687 677 405 885 302
39 907 758 793 583 697
24 587 146 638 677 30
949 406 585 66 957 435
311 290 577 728 934 587
226 226 606 184 131 950
268 777 179 555 883 711
499 885 161 405 646 103
889 741 531 503 516 880
24 72 494 587 973 121
333 516 847 94 889 107
270 827 677 82 60 412
526 457 116 413 462 766
390 788 326 429 644 409
946 341 428 718 793 24
576 749 676 960 781 612
270 766 43 386 842 121
497 243 689 179 632 802
997 226 946 550 680 677
405 885 469 118 34 502
913 100 403 516 407 703
595 462 226 794 300 713
26 516 797 167 946 178
121 675 679 62 121 121
675 567 435 717 839 999
788 201 612 312 5 540
600 587 980 409 90 501
677 131 685 226 874 616
745 493 674 297 202 182
78 616 960 928 587 576
566 102 712 203 677 327
587 20 49 234 946 677
414 129 158 751 771 607
495 872 938 934 209 230
531 526 892 291 974 794
246 226 27 858 156 885
66 946 779 847 654 226
960 961 64 602 64 118
231 625 516 476 646 24
84 49 692 689 163 449
432 595 486 516 226 974
632 973 380 333 167 226
496 974 587 847 646 409
443 679 793 677 405 677
957 131 501 226 462 738
679 340 830 274 561 499
248 766 945 516 580 689
889 121 24 934 426 176
682 91 409 289 245 24
125 77 497 497 24 516
414 689 121 689 680 260
587 554 739 646 182 414
796 43 84 617 439 409
516 59 677 511 508 950
749 625 414 749 226 858
776 226 275 944 121 231
178 689 677 484 741 398
201 870 679 226 846 386
110 934 516 320 712 416
125 24 62 947 176 398
587 47 114 203 394 540
580 84 974 761 556 146
274 679 315 609 807 358
677 43 425 102 793 689
462 749 793 739 16 365
64 121 500 384 975 575
391 24 462 332 972 554
333 179 46 830 516 713
587 765 216 872 907 638
102 359 24 677 749 749
24 808 645 769 954 307
501 974 516 766 689 256
934 950 72 587 516 72
805 719 607 861 746 226
270 426 226 832 332 898
596 677 462 934 5 858
40 516 587 689 121 187
526 24 483 582 204 250
960 587 51 989 506 675
961 333 66 982 652 677
748 472 402 265 819 741
374 347 516 934 950 121
226 121 677 931 305 333
462 121 11 636 841 248
861 354 201 24 5 575
587 293 580 23 226 934
579 257 638 542 843 847
607 486 24 275 602 632
409 616 333 857 295 677
680 172 640 582 677 771
912 685 875 270 587 587
59 482 634 950 222 899
689 117 419 858 84 793
516 333 934 737 679 156
118 616 642 799 253 542 332 270 24 579
793 67 802 823 5 429 825 974 607 499
471 274 371 934 798 934 732 896 974 751
761 265 432 483 226 514 806 176 388 410
596 679 689 611 799 503 749 587 277 226
823 227 542 689 60 803 679 786 843 887
959 81 934 689 685 635 508 689 191 874
587 739 946 581 803 379 224 356 375 856
43 68 642 191 393 751 971 184 327 826
181 921 451 692 858 670 270 741 409 222
121 713 226 121 182 677 124 386 607 516
793 840 616 84 121 799 828 946 448 968
682 689 793 516 842 568 487 425 226 677
889 640 965 301 677 680 121 462 320 184
332 587 409 384 508 136 889 798 687 84
300 846 607 739 560 833 934 355 835 167
493 805 677 710 226 582 946 677 823 511
144 554 606 798 522 847 707 59 573 463
235 103 700 435 432 640 707 382 103 839
987 595 850 270 934 998 307 202 501 810
168 677 60 270 84 197 296 226 617 68
47 211 595 226 854 516 677 665 848 57
275 385 84 587 591 815 236 878 749 503
145 226 263 371 184 663 395 695 888 514
701 5 546 675 217 496 921 42 960 677
970 794 100 663 364 837 996 892 950 516
820 595 121 391 974 646 57 799 226 878
462 946 499 353 941 677 82 805 141 168
817 889 576 632 879 996 889 404 320 652
676 665 267 568 536 24 231 107 231 462
375 606 125 892 580 231 823 944 66 934
411 878 761 677 968 270 209 356 125 462
40 516 246 660 84 707 518 723 516 654
916 858 497 58 797 722 516 37 680 65
82 13 778 685 731 542 513 226 431 233
47 335 62 680 677 687 516 451 587 593
754 889 959 934 889 40 549 973 516 59
516 937 486 858 84 82 680 587 132 843
273 997 749 11 946 570 39 830 184 310
322 889 448 167 587 934 970 486 847 607
676 516 520 0 244 498 632 43 713 815
741 865 253 497 121 937 301 40 121 725
105 793 404 399 835 357 510 646 516 24
707 582 201 24 841 490 562 516 807 11
941 167 646 839 823 550 390 289 82 793
516 102 376 39 270 253 970 184 839 637
952 44 934 226 11 102 231 642 677 646
386 121 663 248 685 531 974 646 388 377
652 934 24 242 638 256 820 40 917 954
848 825 652 184 677 395 409 749 579 865
799 478 934 617 595 839 198 81 246 516
494 84 802 24 934 59 121 677 82 270
706 233 675 785 617 167 388 516 167 516
587 676 456 891 103 858 689 474 893 689
587 961 587 707 856 587 121 620 84 587
24 529 808 270 178 677 121 672 226 713
937 51 377 741 676 306 773 246 121 843
766 240 587 516 86 506 607 554 672 381
178 896 24 689 103 132 554 301 267 430
12 587 774 839 393 845 938 644 308 417
845 84 30 123 64 675 246 214 427 891
606 5 681 178 946 656 556 516 916 862
934 996 963 547 244 66 577 946 830 606
371 587 134 124 82 889 550 24 327 787
946 689 46 975 617 843 256 615 885 749
270 652 820 889 685 858 793 328 887 681
76 872 749 329 749 674 488 607 61 328
884 243 865 81 759 431 689 916 246 409
970 267 486 124 473 13 231 500 24 418
617 24 226 847 516 982 974 606 576 194
687 742 226 874 447 606 24 793 231 416
689 798 587 226 847 182 274 84 182 689
102 564 403 270 788 204 823 885 16 256
562 710 489 675 513 107 895 913 825 121
24 689 496 40 712 316 350 231 126 858
222 289 889 308 932 865 785 432 632 587
991 353 934 409 628 558 201 707 361 883
35 749 679 829 617 747 526 323 439 428
174 679 655 191 24 638 993 465 379 226
172 685 934 391 448 226 121 24 858 398
82 665 121 707 941 386 934 448 858 799
689 162 256 395 793 47 646 604 880 892
190 332 64 644 677 677 209 677 870 858
871 732 209 84 432 728 761 503 493 626
117 576 583 576 934 403 576 226 114 211
687 172 992 184 123 543 857 549 163 516
57 865 681 554 939 685 301 365 5 337
615 462 677 105 268 184 793 86 967 665
409 24 685 499 587 516 799 681 249 638
81 64 631 640 793 256 24 30 568 677
712 527 679 761 380 648 677 249 788 90
16 550 677 799 689 679 145 768 388 713
788 934 710 587 537 482 631 121 429 746
713 140 997 398 42 677 394 934 527 665
514 689 5 550 329 848 689 24 224 310
522 618 677 944 226 416 632 390 307 184
689 319 946 685 50 370 66 110 677 516
587 381 889 1 301 582 98 889 462 5
796 825 960 587 687 606 182 889 197 786
358 117 398 496 928 928 381 47 872 84
677 131 858 394 545 121 749 950 174
703 579 651 906 677 370 270 799 381
677 689 573 495 24 121 226 333 929
801 550 685 24 6 298 431 739 646
249 695 587 318 301 783 119 121 226
589 934 167 384 872 249 677 60 906
892 516 142 386 908 616 277 847 5
286 334 501 320 587 566 185 679 516
680 121 892 665 403 386 439 580 419
884 689 503 395 580 749 64 24 185
960 699 602 50 882 892 118 956 226
121 465 681 256 84 974 587 858 987
889 516 289 240 587 168 576 861 226
611 316 226 787 270 29 751 516 471
677 625 19 577 227 878 252 308 677
26 793 226 484 121 747 569 691 542
296 889 409 129 839 226 465 226 432
200 289 77 497 712 184 793 681 24
255 741 260 779 233 580 59 858 677
121 810 885 485 29 256 677 49 827
43 381 516 575 226 858 322 501 435
315 934 681 322 625 946 858 497 129
226 707 674 121 205 858 599 934 939
698 747 960 231 409 427 24 679 121
25 435 805 226 201 226 320 847 226
554 793 681 327 677 226 562 24 58
936 224 713 700 405 946 404 858 253
136 314 920 405 47 179 494 793 516
689 629 40 293 595 689 685 550 587
946 364 838 109 665 680 934 516 519
496 576 872 618 665 692 717 404 972
201 858 685 741 677 689 142 989 555
490 43 388 398 323 793 677 184 679
718 992 429 703 921 863 637 333 741
677 332 117 950 689 839 432 256 802
253 84 121 569 677 889 231 704 178
676 218 934 30 889 235 550 178 409
749 84 503 170 605 587 595 404 562
875 699 529 23 713 550 508 342 934
951 825 253 381 254 817 677 580 620
676 992 341 226 494 573 512 946 516
640 24 333 587 123 996 672 829 226
677 797 889 226 244 167 231 646 62
587 535 226 685 312 245 298 93 483
546 658 631 961 224 946 824 226 55
172 565 496 670 611 944 226 514 226
858 758 628 508 333 236 681 48 388
370 889 516 673 599 617 811 201 517
877 226 646 40 680 786 265 839 29
573 103 617 513 503 256 645 24 146
889 829 411 589 201 300 423 246 402
902 24 298 677 178 739 803 677 184
432 707 755 670 409 858 270 875 889
761 840 226 692 337 462 617 136 0
732 613 997 793 793 285 424 501 136
574 689 576 677 644 843 459 646 944
755 931 384 270 131 226 59 63 121
550 435 956 677 196 429 318 799 462
514 429 40 201 493 810 431 152 607
184 432 587 163 712 66 296 858 432
716 855 865 24 60 514 703 336 398
858 974 587 713 939 308 55 231 5
82 172 484 974 858 473 105 231 191
182 516 674 370 24 550 866 720 555
640 503 634 707 462 582 687 679 462
131 301 84 226 121 652 858 226 24
437 146 87 646 102 34 226 43 226
24 992 493 226 226 471 665 226 516
5 667 84 839 121 677 502 839 674
867 858 677 275 180 895 665 685 689
493 137 233 483 689 632 247 321 489
110 749 861 883 756 679 489 220 435
134 652 934 350 746 230 327 24 828
831 82 226 723 884 236 224 226 666
972 698 105 380 231 435 66 569 962
758 246 872 889 934 861 846 933 827
462 121 830 414 582 509 231 638 575
292 182 226 404 563 270 226 646 432
701 94 288 731 798 934 772 738 652
494 573 677 595 462 28 409 964 394
554 84 737 948 301 758 775 295 685
576 800 277 823 84 358 632 90 544
301 950 853 246 516 689 98 587 556
155 889 987 873 591 747 786 931 483
749 934 318 226 625 935 889 711 516
22 677 226 659 333 934 48 646 327
51 638 11 880 381 793 494 793 476
587 712 81 665 508 71 793 388 57
220 405 872 665 470 39 603 680 741
394 960 84 226 582 91 172 256 612
320 306 408 889 462 91 921 333 462
858 798 556 370 946 383 761 793 121
435 364 42 858 583 481 587 997 749
205 465 270 978 793 707 323 163 916
905 576 429 390 407 338 57 64 226
580 167 516 273 365 738 320 84 872
617 84 812 677 516 828 711 462 587
677 516 884 689 576 799 82 244 749
654 24 587 121 858 149 23 636 256
386 11 934 526 293 43 677 638 376
398 677 889 340 802 974 646 84
960 878 24 526 587 858 419 946
856 379 625 516 852 646 670 427
516 587 640 554 40 270 861 409
857 839 889 839 443 749 677 998
121 625 411 638 388 977 829 256
973 974 24 409 820 677 508 373
414 968 22 153 652 516 997 29
384 435 858 66 289 270 707 587
118 490 409 305 270 289 646 131
598 513 333 858 347 516 226 40
184 793 516 323 456 665 483 828
793 84 766 713 685 681 974 677
903 919 531 778 201 858 769 226
533 855 526 949 439 974 358 616
739 638 501 625 409 707 409 839
134 530 24 587 646 237 408 390
184 454 154 749 334 713 30 677
793 167 316 226 670 34 398 847
613 968 514 777 463 388 353 865
858 689 654 951 679 751 934 514
848 577 439 882 333 417 516 761
424 891 405 938 39 514 934 616
680 233 712 734 226 416 142 554
892 203 226 974 226 125 638 839
354 447 575 483 528 84 632 908
409 432 121 677 121 587 5 969
681 291 934 632 689 270 178 541
114 381 815 511 689 587 24 246
579 946 516 822 680 576 404 974
416 1 569 839 646 682 587 858
201 226 390 659 831 707 953 591
858 409 581 514 388 894 707 248
493 82 685 975 103 497 681 562
683 677 793 595 43 587 308 381
105 879 974 858 839 940 930 482
510 109 646 707 245 961 30 213
731 29 731 24 253 858 917 604
577 270 381 739 374 955 632 400
226 689 226 897 889 672 416 749
437 677 401 934 516 365 600 388
246 439 27 681 677 531 934 631
62 785 855 353 405 960 201 202
59 749 543 732 167 787 961 533
569 462 946 402 226 226 681 717
600 990 55 409 749 617 256 178
27 665 316 312 846 884 381 462
195 84 713 90 20 713 337 84
301 409 24 587 135 631 793 880
138 675 587 465 24 968 687 861
421 132 501 612 713 775 40 24
432 462 182 226 231 178 889 978
741 380 432 974 677 123 889 712
591 503 58 176 296 226 788 677
62 383 798 5 742 607 946 642
946 462 576 677 66 997 226 677
226 741 256 749 749 548 483 607
24 675 934 250 545 184 855 607
847 226 625 231 950 840 226 121
793 749 167 631 432 25 508 946
625 260 572 645 567 462 872 24
939 624 226 736 554 749 749 907
587 62 976 167 698 275 261 68
451 277 226 949 145 738 65 231
537 401 855 497 47 256 329 391
677 589 654 21 793 587 250 562
16 984 663 934 57 409 973 398
275 787 263 222 388 950 563 213
314 84 226 462 226 16 652 121
516 908 84 895 261 685 689 363
889 24 249 226 646 562 823 670
322 786 409 858 84 24 226 270
784 496 576 960 168 245 35 770
702 121 245 24 741 710 689 689
316 182 872 604 681 516 749 885
497 689 996 244 466 763 468 607
689 689 275 794 84 672 516 828
501 646 685 685 682 843 677 443
516 36 889 829 516 676 30 587
823 731 749 680 462 174 44 847
167 677 263 750 823 839 121 121
253 855 346 43 320 570 670 516
555 615 84 842 575 991 942 81
244 520 570 606 102 677 749 487
532 587 973 289 381 974 517 275
301 847 587 726 960 62 405 182
936 82 858 462 712 493 175 108
174 308 625 298 321 542 490 677
734 59 333 442 481 226 390 776
804 576 793 524 839 870 409 974
256 381 749 932 301 121 984 839
713 975 572 516 247 587 409 346
64 555 895 231 934 587 335 583
544 233 398 377 433 121 793 872
351 826 424 121 831 718 254 587
946 167 865 107 682 381 936 435
677 44 567 134 653 425 313 677
256 821 442 404 62 665 749 689
677 30 805 57 805 768 591 677
178 47 24 843 950 632 40 618
462 827 293 981 414 895
888 121 677 885 184 799
896 971 516 86 418 516
712 301 663 497 954 201
270 805 66 677 941 607
758 2 687 587 946 579
928 974 980 405 606 103
687 305 587 793 707 749
400 997 677 435 991 121
73 620 201 677 803 668
335 751 749 418 103 677
246 24 928 946 308 172
231 550 555 843 121 40
606 747 606 546 24 858
854 781 516 508 646 256
359 793 838 793 947 896
439 226 16 502 231 465
136 687 223 470 989 102
226 566 745 516 432 638
270 770 486 256 359 946
793 632 320 227 587 16
285 741 713 527 101 612
677 669 677 11 182 390
861 320 24 839 677 24
942 390 884 433 677 514
607 184 226 233 483 30
378 565 839 294 82 946
907 379 270 43 220 680
680 499 973 416 951 974
121 689 435 82 710 439
493 848 435 43 937 231
381 974 634 338 338 749
51 84 665 409 118 896
858 320 337 616 416 640
405 118 677 358 358 270
327 951 839 555 398 793
158 273 839 637 711 685
231 646 962 373 256 40
961 248 516 632 645 941
430 409 632 555 24 252
835 59 646 788 226 516
717 677 565 46 583 677
829 393 194 592 39 516
858 62 606 121 233 462
799 546 681 145 84 713
689 665 516 257 875 514
858 501 323 469 86 670
631 741 620 226 677 298
270 805 707 529 656 231
665 885 84 550 483 516
516 689 587 830 24 82
606 329 719 201 320 398
439 448 388 167 246 190
677 226 224 121 68 102
84 97 974 536 389 569
829 40 379 329 921 416
646 996 64 270 749 677
799 416 121 932 677 642
121 615 573 674 799 889
587 313 596 410 101 941
858 582 516 806 59 899
354 749 810 291 932 465
435 226 594 115 459 231
793 121 35 689 270 24
418 979 749 333 703 798
550 84 823 314 703 631
585 55 843 484 934 65
36 679 917 580 798 335
587 934 587 726 536 251
261 274 323 484 677 178
823 997 749 785 84 858
516 86 40 858 227 625
761 950 410 401 40 646
101 452 145 858 121 398
634 235 416 810 617 222
147 432 654 749 439 17
219 830 435 62 960 314
18 677 685 656 646 427
148 456 712 516 119 646
811 107 290 677 409 984
483 379 82 645 390 576
145 677 514 24 587 677
793 587 680 640 642 855
405 885 799 388 946 689
523 889 865 839 801 872
35 320 167 256 359 151
993 371 121 865 35 226
535 749 405 997 350 843
839 285 775 409 84 270
884 486 928 656 711 839
49 550 400 249 638 679
934 707 793 919 289 711
226 905 207 147 885 222
446 173 198 274 24 954
587 772 509 514 501 858
505 906 516 84 865 249
443 840 483 184 607 996
423 409 636 858 595 5
516 84 618 934 468 550
81 872 741 59 433 741
