27 1
19 18 29 40 39 6 21 29 6 32 45 10 1 27 38 37 1 38 37 30 16 45 32 8 36 26 19 17 47 28 24 5 28 31 5 4 48 6 29 10 42 24
5 17 28 11 11 36 21 27 0 27 35 18 1
7 2 29 36 14 12 12 8 31 2 33 43 45 35 25 4 7 20 35 26
2 41 10 36 34 23 5 41 47 45 43 33 41 10 14
11 22 42 24 28 46 8 46 21 24 8 35 39 28 30 32 21 4 17 15 9 5 8 5 47 20 31 35 39 32 42 9 5 25 44 23 39 9 4 8 39 6 21 43
47 24 36 26 9 25 11 41 16 47 39 3 38 8 46 0 0 2 29 6 2 34 31 36 5 4 38 48
9 46 10 21 45 18 44 5 15 27 44 4 27 9 45 25 21 33 43 22 22 0 18 29 27 35 49 17 14 47 44 9 4 48 48 37 1 48 21 13 3
9 45 49 21 23 26 10 41 45 43 10 42 9 11 47 22 11 10 14 17 14 45 43 28 24 9 29 40 32 3 4 35 18 4 44 16 32 48 18
19 3
23 14 20 31 45 4 44 16 8 2 40 28 42 12 39 44 9 4 34 30 28 22 11 43
42 25 13 20 35 32 4 48 15 4
5 48 46 16 2 21 14 24 13 12 23 20 45 39 0 32 46 7 44 4 10 36 2 9 34 1 42 43 1 25 13 22 44 46 8 6 30 20 30 20 45 39 21 42 28 20 46 8 31 36 43 49 20 30 16 42 44 14 15 47 22 3 28 41 25 0 30 5 14
11 41 10 3 47 13 21 42 21 7 48 31 15 37 23 20 31 45 8 1 37 8 24 9 37 40 39 5 3 18 1
33 7 6 17 45 18 12 5 40 10 45 49 9 16 42 1 27 18 6 9 12 7 11 15 18 14 35 23 42 28 46 11 4 44 23 11 45 39 11 4 29 20 41 37 23 15 15 34 29 6 34 15 39 45 39 42 24 21 40 33 2 34 21 10 14 4
11 48 37 18 14 24
9 13 12 25 6 14 17 10 11 47 12 39 40 13 2 46 42 12 8 23 24 22 19 1 7 46 8 35 29 27 7 44 37 16 3
38 15 38 30 30 34 28 47 33 45
44 5 14 12 8 17 15 20 41 37 16 30 25 3 26 16 45 46 26 46 10 36
28 14 35
34 28 11 11 36 32 26 13 12 36 34 30 30 36 45 0 31 7 1 25 9 15 9 18 16 35 40 11 36 37 42 26 9 24 42 12 30 4 28 22 44 6 28 22 15 7 48 0 26 28 22
3 31 15 39 3 44 37 40 6 14 15 35 25 8 20 35 44 37 48 27 25 23 42 25 0 45 46 42 12 1
13 7 27 34 1 26 17 5 23 36 29 16 12 22 11 45 8 25 21 23 2 35 15 33
48 11 28 40 39 45 0 14 46
10 47 41 25 37 21 14 10 3
15 17 5 3 16 45 24 32 13 22 0 2 33 45 27 38 37 17 14 28 27 25 40 11 15 38 16 39 4 8 24 32 38 32 22 34 46 2 3 2 41 7 1
37 17 30 19 3 32 13 2 2 2 35 30 30 15 9 34 16 16 16 8 1 48 41 8 7 19 26 19 46 8 49 36
43 29 22 33 1 26 7 1 26 22 42 27 9 16 0 19 32 4 17 17 44 31 28 26 15 16 16 46 1 10 7 1
42 34 16 16 19 10 35 43 12 8 22 6 33
14 49 17 18 46 30 4 38 16 35 6 39 13 46 41 33 49 20 17 45 35 18 4 20 14 24 29 28 21 20
37 42 22
49 15 20 13 45 30 36 32 4
18 29 39 0 10 14 33 45 27 41 18 21 11 4 8 16 0 2 41 5 49 22 16 46
36 8 17 17 28 22 32 13 1 9 25 27 48 41 23 21 9 17 42 40 46 10 46 0 16 28 34 30 18 4 20 16 12 39 22 40 46 22 22 44 4 23 24 27 22
6 5 39 16 16 32 32 4 41 37 40 31 6 43 19 18 5 40 33 9 10 14 24 26
28 41 25 27 46 16 38 42 27 7 9 29 46 10 14 30 28 11 28 41 15 9 30 35 49 30 44 37 17 13 5 12 33 9 24 13 49 20 29 6 35 25 30 5 3 2
16 47 2 35 45 10 1 26 7 14 39 45 21 27 48 6 30 32 43 19 32 25 6 20
4 23 38 42 15 35 0 13 30 15 1 38 43 0 3 38 47 18 34 12 8 27 0 0 47 20
10 11 36 43
13 7 12 39 17 44 0 18
16 12 7 46 21 10 40 0 37 45 21 11 47 6 5 21 22 32 4 35 13 9 4 29 27 31 7 1 42 27 1 4 48 40 43 19 32 48 19 46 15 16 0 14 25 8 16 32 32 4 49 4
37 7 20 35 11 41 15 33 4 35 32 12 30 46 14 28 46 2 41 45 25 0 39 23 29 16 3 16 3 0 32 4 7 20 14 13 20 40 11 28 42 22 0 11 41 34
31 16 2 4
9 15 12 30 20 14 39 23 29 33 12 7 20 29 13 7 40 16 4 28 42 24 21 40 21 7 45 14 46 16 3 44 18 13 46 42 13 44 31 13 20 46
20 46 5 25 40 10 8 22 7 1 48 7 6 34 47 28 0 43 14 40 9 25 6 17 39 28 46 30 13 30 18 14 49 29 22 11 11 47 1 31 25 9 27 6 44 15
31 7 45 22 47 12 22 33 9 5 42 40 7 12 33 1 26 25 4 23 15 9 15 9 13 12 22 7 11 20 41 10 35
25 9 10 41 18 27 31
45 27 7 14 46 42 25 0 20 35 40 6 21 29 28 27 41 16 30 4 8 28 26 44 5 25 23 20
39 32 20 48 38 16 47 9 5 48 0 19 48 7 18 15 7 38 42 16 19 3 28 24 5 45
26 15 34 36 5 41 49 18 39 41 7 0 14 15 31 17 43
5 8 16 46 15 27 2 41 33 12 39 9 27 5 12 3 48 25 17 2 42 28 14 15 1 1 27 2 29 32 12 27 22 33
48 32 29 46 7 6 9 8 42 28 17 5 38 45 10 16 42 40 18 0 28 17 18 1 11 11 16 32 42 22 1 12 25 23 24 22 45 35 23 44 5 41 14 13 25 11 26 31 10 12 0 40 43 40 9 11 10 45 49 40 18 16 35
7 47 34
25 30 2 34 1 1 42 24 28 29 21 33 12 25 27 5 14 47
8 35 39 32 22 6 6 2 35 11 20 14 9 24 31 9 5 12 8 21 43 19 48 17 42 1 11 38 47 35
32 13 12 5 47 45 27 41 13 18 31 22 45 8 41 13 40 29 13 46 11 11 0 30 43 14 37 21 42 28 36 8 25 29 36 5 17 10 0 47 20 21 1 37 7 18 25 11 24 13 2 29 6 36
12 23 39 23 33
36 14
31 11 20 17 49 16 28 34 48
39 17 2
3 15 21 41 23 47 6 43 12 7 18 4 7 14 40 11 24 9 5 28 3 44 16 8 21 41 33 28 46 2 2 23 25 17 43 40 7 0 3 32 26 5 27 48 0 15
16 41 34 32 3 47 45 18
27 25 13 27 7 6 8 26 2 40 28 36 45 18 27 28 26 19 18 34 26 15 20
15 35 48 31 44 39 13 44 9 37 23 26 28 42 34 49 18 22 0 15 5 12 8 16 6 39 0 43 40 39 25 44 5 23 47 44 7 40 15 12 30 15 15 31 25 13 47 24 5 8 2 21 22 1 1 45 43 12 32 8 37 7
13 46
17 18 5 25 39 5 16 30 2 21 39 9 4 10 3 0 0 3 0 32 26 16 38 23 24 27 4 8 31 13 44 1 45
13 9 45 21 35 26 33
17 44 39 13 22 3 15 12 17 16 2 9 26 30 28 22 34 32 35 26
40 11 43 18 14 10 0 10 42 19 3 47 34 40 2 4 10 21 42 25 39 4 2 9 39 40 0 14 17 15
45 22 45 10 11 43 1 1 18 4 42 31 44 1 25 0 27 4 2 37 34 23 10 41 8 49 21 42 9 4 38 23 5 21 14 3 44 14 41 16 39 6 3 26 9 15 16 2 34 29 43 12 25 27 44 37 17 2
8 31 27 25 30 15 15 16 4 23 47 39 24 44 24 31 14 24 8 0 40 11 45 27 5 3 44 27 18 29 27 46
14 18 14 3 44 14 37 23 11 34 40 30 4 49 35 18 39 40 11 17 44 14 46 17 43 1 12 23 15 1 48 27 9 46 11 15 37 34 46 10 42 1 10 36 27 18 39 0 29
47 34 40 32 35 48 0 13 30 15 20 33 4 4 28 3 16 8 49 36 46 2 10 4 44 31 22 10 16 38 42 25 29 1 1 4 35
34 33 32 36 44 0 3 48 26 15 12 22 15 47 49 21 43
42 44 31
22 10 17 49 18 22 33 25 4 48 31 28 27 4 49 5 15
21 23 15 12 3 23 23 20 21 0 47 34 45 32 13 23 11 16 19 15 12 30 43 29 6 14 47 34 49 16 26 5 15 41 25 3 48 15 21 40 29 36 26 7 14 45 47 34 15 2
43 16 26 2 32 36 45 49 4 49 28 41 18 1 4 35 39 42 27 9 16 2 37 31 27 44 44 4 10 29 13 7 38 27 7 31 41 5 49 11 47
32 22 34 30 46
44 23 5 36 21 45 32 22 33 36 28 31 17 47 39 46 11 28 21 36 49 9 17 14 46 10 8 7 38 32 25 23 12 39 40 11 40 21 43 14 23 42 21 22 47
44 30 35 38 30 44 23 11 34 32 32 36 26 28 46
5 15 20 4 49 21 11 20 33 30 38 35 34 45 36 21 43 9 46 22 31 6 45 4 35 16 28 22 31 19 32 29 27 40 32 22 10 14 20 20 45 27 40 16 35 0 20 39 40 15
15 17 17 10 1 10 29 1 38 16 18 16 6 42 9 15
38 27 12 32 42 28 34 21 43 22 22 8 16 8 2 35 11 48 48 46 0 2 32 22 47 37 17 36 2 33 1 4 7 26 5 25 11 0 7 14 17 10 1 37 49 21 33 46 42 24 14 49 30 43 0 15 4 34 47 41 12 25 30 4 23 10 40 21 43
47 39 6 43 44 4 34 31 44 24 26 7 44 0 18
49 37 34 0 47 39 42 15 37 46 22 0 2 4 20
26 9 5 13 8 23 36 49 41 14 41 17 46
17 49 15 16 39 43 29 1 45 4 10 7 20 46 42 12 32 48 0 23 20 33 10 41 47 9 16 12 5 21 1 27 0 45 27 34 0 41 5 15 4 17 28 27 23 2 38 15
17 14 35 15 7 38 20 45 39 12 22 16 2 21 11 41 15 40 16 4 38 27 23 32 13 17 16 4 23 5 13 12 7 47 13 30 35 27 18 18 31 9 18
6 30 28 31 19 42 9 5 48 38 44 23 45 4 27 12 36 48 11 40 28 25 16 41 25 40 0 19 37 30 43 10 47 5 28 30 15 34 12 25 6 5 42 43
48 3 47 49 1 9 29 13 9 10 44 30 16 47
19 26 6 17 44 14 33 1 9 45 49 15 40 29 33 36
34 45 47 2 9 27 23 45 9 8 45 43 29 43 43 0 39 0 37 34 32 8
36 42 21 42 16 28 41 1 11 34 15 39 13 8 9 18 15 40 46 5 17 4 44 23 26 8 2 9 30 16 0 13 11 22 15 47 10 4 27 18 31 5 28 0 11 0 14 15 4 41 25 44 46 8 26
5 23 15 9 11 40 39 43 0 20 39 16 16 39 21 35 36
47 18 39 21 42 27 46 15 33 9 13 28 11 20 46 1 45 49 16 30 38 43 14 9 10 42 19 3 48 19 43 43 0 30 44 30 36 36 14 1 27 6 17 19 37 23 11 26 24 16 41 15
26 33 6 30 46
24 9 30 18 31 22 32 21 20
29 20 13 22 34 32 43 40 21 29 46 1 27 23 43 24 22 45 32 3 11 15 17 15 9 29 22 36 14 26 8 6 14 37 17 31 29 25 42 22 44 27 22 34 11 11 10 1 31 36 2 10 45 49 32 4 41 10 40 6 3 4 46 14 15 21 41 18
45 35 48 38 27 32 26 33 28 17 28 46 41 15 7 19 10 29 38 43 21 36 32 25 23 38 47 24 29 25 3 0 45 30 17 20 30 4 2 38 38 42 25 16 46
15 20 20
44 0 3 2 32 4 29 6 27 7 44 41 17 43 44 9 34 31 2 34 12 1 22 19 3 31 33 30 4 29 46 14 9 46 8 39 9 18 21 23 43 26 33 4 34 44 6 42 28 7 16 3 28 29 32 35 34 45 21 36
3 17 47 1
33 1 4 34 15 12 33 45 9 37 6 21 42 27 46 1 25 44 10 12 33 2 7 40 11 28 27 2 26
14 49 43 19 26 8 42 1 42 28 7 2 32 38 16 6 33 7 1
16 28 40 7 31 28 14 45 47 32 46 30 19 32 36 14 45 21 13 7 9 10 4 3 15 21 42 13 18 12 22 20 14
40 28 19 34 23 12 32 43 33 1 26 13 40 13 2 9 8 37 44 9 11 41 17 15 39 43 22 19 46 0 41 8
40 9 15 31 15
37 42 31 9 18 16 19 18 46 21 4 23 32 35 39 9 16 28 41 10 15 20
44 23 38 44 6 3 15 41 18 39 16 47 10 1 49 32 4 8 45 21 23 13 40 23 12 5 14 33 41 28 46 34 23 25 30 43 24 9 37 1
14 33 41 17 39 12 3 26 17 2 32 8 9 37 42 27 23 15 5 45 39 41 1 18 21 43 18 19 18 19 29 35 34 16 47 28 30 21 43 22 40 46 2 34 21 40 32 36 49 35 13 8 23 10 18 22 20
48 48 49 48 46 17 44 27 35 15 4 30 25 16 0 28 36 42 22 0 15 40 15 2
25 29 24 26 16 30 2 32 38 11 36
44 14 49 6 45
12 39 43 45 35 30 17 16 8 39 0 14 45 49 30 17 47 18 34 29 22 42 27 11 0 32 29 46 7 0 20 21 14 3 41 14 15 40 18 34 24 15
4 20 33 12 3 38 15 20 40 29 35 30 25 6 45 46 14 47 5 49 22 47 5 13 5 47 1 42 13 27 40 46 42 9 13 2 21 0 45
27 6 43 16 28 29 35 2 40 2
18 21 39 42 12 7 44 39 42 27 7 46 30 16 42 24 31 25 21 35 29 13 24 19 3 4 7 12 23 29 33 4 2 37 8 41 33 49 21 45 40 13 1 38 32 7 2 3 43 19 46 34
31 41 45 22 0 14 35 26 6 8 42 34 34 12 27 5 4 3 15 20 29 39 12 32 36
6 9 11 38 37 40 7 1 31 38 37 40 28 31 29 16 35 0 14 48 44 1 5 12 0 32 42 27 25 9 8 49 29 38 35 0 28 31 44 31 35 33 21 20 21 0 11 43 40 30 17 46
37 48 46 8 46
4 4 29
37 11 45
14 35 26 31 45 0 19 17 45 40 0 2 33 6 45 30 43
46 41 33 15 16 35 18 5 8 9 4 17 47
44 24 15 40 7 5 47 49 40 9 39 44 7 5 40 32 26 15 27 30 32 7 46 21 41 12 17 17 27 0 2 2 35 41 47 12 1 1 22 33 46 11 0 40 18 5 47 2 37 46
23 12 22 42 12 3 48 38 43 19 44 7 1 11 43 40 28 24 10 0 15 39 23 47 49 25 44 39 5 13 27 25 1 22 31 36 28 41 23 1
48 34 49 37 31 17 43 22 7 47 5 15 12 22 3 11 45 8 1 37 32 36 34 33 46 17 14 4 7 31 38 37 1 18 1 1 45 32 46 41 15
33 43 10 26 30 44 27 12 5 13 30 25 0 32 37 0 0 15 18 5 4 23 39 44 23 25 17 45 46 46 26 44 23 44 31 16 0 29 33 21 9 18 29 24 21 24 9 27 9 10 29 16 42 15 10 42 13 9 5 28 11 38 22 1 5 27 6 2 33
7 16 0 47 10 23 23 42 25 29 38 35 15 20 20
8 42 9 8 10 29 13 30 19 41 15 16 0 26 2 16 6 43 18 14 30 34 49 17 46 0 37 48 18 26 13 24 15 37 40 10 41 8 35 32 21 43 9 13 22 11 20 46 2 37 44 7 1 48 0 28 29 40 2 40 11 28 3 41 14 23 11 28 20
37 13 11 26 39 28 47 12 0 27 12 39 46 41 17 5 47 10 4 29 40 7 12 36 49 15 12 25 40 2 21 43 29 21 20 21 23 2 26 33 21 1 1 5 9 12 22 34 29 40 9 4 30 25 30 5 47 37 32 8 42 26 16 19 39 44 1
36 8 23 29 40 16 47 35 23 12 36 8 43 29 42 15 30 4 38 8 43 1 26 24 21 27 48 21 2 34 0 26 30 4 34 46 42 21 36 41 49 16 46 14 46 2 7
18 34 30 19 37 9 45 14 45 46 0 31 7 27 9 5 8 39 32 45 30 4
27 31 9 16 30 25 40 6 43 45 32 32 44 16 0 39 16 6 32 43 10 0 41 47
43 18 6 33 23 1 26 24 22 44 31 29 47 22 42 31 16 2 42 31 28 40 0 20 29 40 11 10 0 18 4 35 38 32 25 6 32 45 36 46 41 15 7 9 45 46 1 45 40 6 35 32 44 39 23 23 13 20
46 11 48 21 0 10 36 20 30 43 44 4 38 30 4 48 29 47 20 41 18 34 26 28 46 14 45 36 29 22
31 43 47 10 44 37 40 28 2 42 27 11 20 48 38 16 19 48 25 0 10 44 16 19 37 18 14
7 40 7 40 31 24 47 6 17 20 17 2 23 33 28 27 48 38 38 42 34 49 16 47 1
1 48 32 37 31 24 13 24 10 3 44 39 23 21 0 47 12 24 36 41 17 4 29 27 1 25 42 28 3 20 40 10 26 7 20 20 35 29 13 8 9 5 8 46 46 7 20 20 48 6 34 34 21 43 25 3 11 28 11 26 8 17 10 36 36
32 13 48 32 21 39 45 24 16 2 46 0 11 48 27 34 15 5 3 15 16 4 30 21 41 7 47 5 2
28 34
36 36 27 4 10 48 27 46 15 16 0 29 35 26 10 12 5 13 45 0 2 39 13 13 25 16 30 5 39 46 22 0 14 28 11 47 9 30 36
42 25 4 4 30 4
42 19 3
26 9 12 22 0 30 13 46 15 1 26
1 7 14 35 11 41 18 14 37 17 42 21 7 46 10 18 4 5 23 15 13 46
43 16 41 37 0 32 37 13 1 49 1 9 45 47 35 16 39 5 16 38 44 4 17 27 35 18 1
7 5 4 38 42 19 3 41 13 45 49 17 20 13 9 25 29 47 12 30 17 46 46
32 13 12 24 44 30 32 45 0 7 26 39 44 39 17 45 18 18
11 10 46 17 47 2 21 4 17 42 34 0 27 23 5 14 35 46
32 7 11 11 45 21 2 37 11 15 20 41 8 18 15 5 41 15 18 5 31 44 1 29 20 41 42 44 30 43 1 12 5 31 16 45
15 41 2 2 26 6 5 49 25 11 34 21 24 15 2 32 44 46 42 26 2 16 0 14
40 46 14 15 34 12 12 23 24 9 24 10 35 2 41 42 40 16 30 4
47 28 37 34 24 42 9 25 16 28 19 15 35 27 40 11 17 5 25 3 18
39 9 17 31 7 38 30 3 43 28 3 43 19 3 43
21 29 27 25 42 21 27 34 44 41 13 18 4 8 5 9 4 23 43 19 42 25 1 45 9 17 15 21 36 20 13 40 9 46 5 2 26 28 46 14 41 2 4 25 30 34 45 49 5 47 24 15 41 2 46 11 4 44 5 39 0 0 30 18 34
38 25 40 31 34 44 27 11 26 25 16 0 16 18 0 29 28 25 4 17 36 1 5 8 16 6 45 21 35 49 40 21 20
12 36 43 24 8 42 28 0 27 22 19 49 15 47 45 36 21 33 49 30 3 4 8 21 42 21 2 2
28 3 23 32 44 4 20 4 20 35 40 16 3 48 17 15
11 0 45 0 39 46 8 43 47 39 42 31 17 39 44 45 36 15 38 27 18 34 32 25 6 27 20 16 46 16 39 41 7 46 41 25 13 24 47 20 39 46 41 23 24 19 15 12 8 22 15 7 20 29 46 0 29 38 11 43
28 41 33 41 45 0 11 16 7 14 4 8 25 11 28 42 19 15
35 0 37 45 27 12 5 38 9 46 16 18 44 0 10 29 6 47 10 16 47 12 5 36 15 41 1 31 14 28 47 28 2 41 33 36 46 0 47 35 41 10 16 19 3 3 3 15 21 20 17 39 32 8 2 10 11 0 7 6 8 7 20 45 24 26 35
44 14 26 5 21 27 6 29 20 45 21 1 1 22 22 47 1 4 49 17 4 8 1 22 44 31
5 17 17 46 42 43 49 16 3 18 39 40 31 10 1
16 12 22 0 32 13 7 40 9 37 31 7 26 6 33 28 19 3 28 34 11 48 11 10 40 9 46 15 42 40 7 11 15 40 28 19 46
46 0 45 27 48 15 21 9 13 22 16 12 5 17 47 9 5 48 43 9 46
18 5 2 46 34 36 36 14 35 29 39 44 4 41 13 25 30 25 13 7 12 27 0 37 45 10 46 2 9 10 29 5 41 16 35 46 26 20 33 6 33 36
21 7
48 15 5 28 34 15 18 44 37 48 15 34 23 15 9 18 0 45 43 0 11 28 36 32 4 41 7 6 21 1 1 42 12 36
16 28 27 38 47 34 12 0 19 44 4 38 8 2 32 3 12 7 47 49 3 21 0 39 16 0 32 42 43 16 19 42 43 9 4 10 41 1
17 15 9 17 18 22 1 9 17 49 16 3 12 5 14 15 20 41 45 8 20 17 31 15 31 41 25 11 41 1
7 26 46 7 47 32 46 24 36 48 19 44 37 13 46 7 9 30 30 5 21 14
25 13 25 29 31 6 5 2 37 46 14 24 29 25 39 4 48 48 21 14 28 34 33
8 17 4 27 32 46 10 29 46 42 43 22 31 16 16 3 2 9 4 7 19 34 30 17 28 22 19 3 0 18 39 45 27 9 29 13 30 38 16 32 48 34 11 34 28 24 14 24
9 25 30 25 3 23 27 20 31 45 39 23 2 19 15
23 42 28 31 33 28 0 11 17 46 15 16 39 25 30 47 24 29 36 28 3 31 22 1 1 7 38 35 39 11 0 37 45
1 7 27 1 49 29 10 1 45 39 45 40 0 19 16 35 23 21 24 36 15 35 2 29 25 27 35 6 44 41 8 23 29 6 9 39 43 44 24 13 7 25 9 16 4 23 21 33
7 46 1
39 43 47 9 27 18 39 5 49 18 46 5 41 37 11 28 17 47 6 3 44 24 5 48 40 39 43 16 7 22 15 41 8 49 17 47 20 40 31 14 23 25 17 20 46 16 12 32 3 18 22 3 47 18 1
37 32 10 12 7 5 31 25 0 43 21 29 40 46 7 14 20
9 27 38 17 43 16 19 17 5 8 43 33 7 16 0 31 14 9 10 46 24 19 18 19 18 12 8 2 32 8 9 26 30 34 36 36 41 37 9 4 28 46 2
4 41 12 33 45 25 40 9 37 23 29 20
38 32 46 42 40 43 33 49 21 39 9 15 31 2 43 16 12 33 15 1 9 25 29 27 1 45 9 34 33 15 42 21 23 27 2 10 3 3
48 25 37 45 30 20 46 11 4 23 2 33 30 44 4 41 37 18 6 5 27 25 16 4 48 40 11 47 6 47 49 28 25 23 42 40 13 34 12 5 12 33 9 13 17 13 13 2 39 46 10 3 19 39 42 40 46 10 12 24
6 35 18 18 21 9 18 22 31 19 41 47 12 8 20 33 46 11 43 1 48 32 48 18 5 8 25 11 47 41 45 22 47 39 5 2 41 28 7 2 46 1 22 16 12 33 30 36 6 29 43 29 27 28 34 0 39 6 32 21 45 0 3
33 32 48 7
16 12 36 5 48 1 9 5 42 9 18 27 37 6 21 9 17 18
41 8 46
13 49 22 45 49 22 45 21 2 21 4 8 23 23 41 45 14 38 25 8 35 39 41 7 20 45
13 46 41 10 15 34 36 43 22 3 18 5 12 23 42 34 24 14 41 45 0 31 10 4 34 47 44 39 6 32 3 20 45 18 25 23 21 12 39 16 47 37 8
46 16 6 47 6 32 38 9 25 11 28 46 11 40 39 17 47 25 16 42 15 31 21 12 22 31 38 23 23 15 47 10 44 9 30 32 4 17 36 49 36
7 1 5 13 49 3 15 34
8 41 13 13 21 33 15
13 46 10 15 13 8 31 2 2 41 12 7 38 20 17 10 41 33 2 21 36 26 40 29 47 10 14 33 30 36 28 19 44 16 6 47 5 31 7 38 11 16 4 46 10 15 10 46 17 13 13 3 28 34 36 32 12 25 3 48
19 39 42 22 44 1 5 25 21 9 16 42 34
30 19 48 41 16 6 29 46 14 17 17 15
30 46 5 39 28 40 0 3 15 12 24 27 23 15 10 12 5 31 27 41 12 5 14 23 20 40 39 41 15 31 12 13 20 17 46 26 44 0 30 4 46
48 17 36 41 10 16 38 34 11 22 0 31 35 45 47 9 10 11 36 28 22 6 35 36 29 28 8
30 28 42 40 11 28 11 28 2 37 48 43 40 6 34 29 39 17 13 7 48 30 18 29 6 9 17 44 7 31 19 37 0 29 46 15 4 8 7 47 45 30 20 46 30 46 15
21 42 16 30 5 8 27 6 8 27 25 21 27 25 39 17 15 1 26 35 34 28 47 49 1
25 37 49 37 13 18 34 30 32 20 21 9 30 46 11 20 40 6 10 16 4 8 39 25 16 4 25 11 20 48 46 1 48 19 1 31 28 30 18 19 46 5 23 5 15 42 21 0 41 13 17 20
12 12 27 31
13 48 37 30 15 34 23 44 14 49 37 9 27 2
7 27 18 31 8 42 24 47 13 13 27 23 11 0 37 44 14 46 8 0 14 25 0 10 18 18 4 8 46 42 24 5 14 3 0 39 25 30 35 30 32 3 21 13 25 16 3
37 49 32 8 31 6 5 16 2 39 41 13 3 0 45 21 4 7 38 16 46 42 12 33 23 20 33 36
29 32 3 3 28 20 35 34 24 26 7 44 27 48 19 15
12 30 43 26 9 5 41 15 30 17 20 14 49 28 19 3 31 43 14 49 11 36 46 22 36
16 41 49 6 5 8 41 33 4 44 18 15 34 32 38 20 46 46 10 46 1 45 4
3 15 30 38 37 44 16 2 7 48 29 5 41 15
0 18 18 1 18 31 29 25 0 16 42 43 33 21 39 43 0 14 49 18 39 42 26 17 44 24 42 21 11 15 17 27 41 34 24 8 18 31 44 1
6 6 45 10 0 41 18 21 1 27 2 34 36 32 20 13 2 39 41 7 9 11 22 11 43 14 25 39 9 39 25 42 40 28 46 24 8 2 39 21 33 32 22 15 4 7 1 30 43 44 44 0 30 17 2 7 22 34
2 26 2 19 26 8 43 24 10 23 21 4 41 37 21 9 18 5 41 2 38 44 45 35 44 14 47 28 41 17 5 36 18 25 23 33 43 24 10 18 22 7 40 28 31 5 27 22 6 30 46 5 21 2 33 10 45 4 10 7 26 31
48 30 17 47 24 14 35 29 40 2 4 10 45 49 28 7 27 6 42 15 27 35 34 31 10 45 40 7 9 30 17 30 46 26 22 44 37 31 11 0 16 4 23 36 8 35 29 22 6 34 45 9 39 0 41 14 46 8 7 26 22 7
46 16 16 16 0 41 17 17 2 39 9 10 23 33
23 5 47 41 34 47
32 35 15 4 35 49 25 6 47 22 10 4 35 16 28 27 7 26 28 25 6 3 41 1 26 13 28 11 38 35 39 42 9 11 48 34 33 41 37 31 43 43 47 2 19 3 4 2 16 42 12 3 47
37 44 7 40 11 48 43 9 29 28 42 34 11 22 22 1 18 4 38 20 39 42 34 29 32 29 39 42 21 29 47 41 13 13 25 16 45 35 39 22 40 29 43 29 22 44 24 13 13 3 0 31 34 31 45 47 25 0 31 11 4
43 25 23 25 11 15 27 2 39 45 27 44 24 8
17 17 4 17 5 4 25 27 6 29 25 17 30 35 32 29 46 30 35 45 8 24 21 43 49 32 46 17 27 44 46
12 0 31 13 48 0 45 46 26 20 29 20 20 30 15 27 41 28 2 39 6 45
0 28 27 32 13 5 23 42 25 17 17 30 46 11 38 23 26 8 2 29 46 1 5 48 31 8 31 8 9 37 31 12 32 4 44 6 37 13 17 4 29 0 41 37 34 26 25 23 20 33 36 34
6 2 9 4 29
14 39 42 28 14 26 13 48 19 17 2 21 23 15 4 23 27 2 33 15 27 40 2 2 41 23 21 43 47 1 18 19 16 32 38 32 21 14 46 0 43 1 10 45 49 41 49 6 2 10 11 40 32 7 1 5 12 33
20 46 30 21 33 12 17 49 41 5 8 2 4 34 11 38 37 7 6 47 24 8
38 43 29 0 37 49 20 41 33 10 4 38 47 35 18 5 47 33 45 36 43 26 2
48 11 40 15
41 10 23 25 29 31 16 12 12 7 25 27 34 32 4 8 42 21 20 48 38 30 35 41 8 49 18 16 35 46 34 33 21 41 8 17 36 8 43
25 1 37 16 12 1 1 29 22 7 44 16 2 32 43 22 32 12 13 22 31 11 20 29 47 9 39 11 22 7 18
45 30 16 3 21 9 5 14 33 36 2 3 28 14 41 5 31 17 47 44 9 30 15 1 4 27 25 17 30 47
9 34 49 9 26 7 18 0 7 27 40 23 36 28 21 41 8 6 17 14 15 34 36 1 22 36 43 18 16 45 25 37 49 36 43 33 7 45 8 23 33 2 37 1 11 10 42 9 26 19 10 35 11 20 17 49 1 26 22 22 15
26 20 48 0 3 19 41 2 38 9 46 21 27 22 44 6 27 20 17 47 49 5 49 3 18 6 35 38 25 0 43 1 37 40 9 27 20 21 27 32 29 38 43 49 25 13 40 46 24 36
38 42 24 42 43 0 32 10 41 14 45 27 0 11 15 1 26
40 15 30 35 13 44 31 11 24
22 8 20 20
20 33 1 5 8 35 29 21 35 40 7 47 44 30 16 16 47 24 8 9 39 24
26 20 29 10 21 40 32 13 40 11 11 0 47 32 10 26 39 16 39 22 1 12 39 23 43 29 46 17 47 12 7 20 16 4 4
41 37 23 44 46 46
21 29 31 24 8 0 10 16 38 34 31 35 48 30 30 35
11 17 46 34 0 14 41 42 15 37 40 29 1 9 13 49 16 2 33 32 26
38 15 15 15 39 32 13 47 12 5 23 21 45 47 10 11 17 16 3 23 32 43 33 7 19 17 44 10 17 15 12 23 21 0 47 1 27 41 8
3 20 21 11 20 4 23 45
3 3 11 28 27 22 44 4 44 44 37 31 34 11 11 47 33 28 34 32 21 42 31 28 9 11 41 28 20 14 46 1 48 15 20 35 39 3 2 10 12 33 43 19 46 2 32 46 11 34 32 48 48 29 46 0 20
23 38 22 19 43
49 6 29 38 45 22 22 8 31 15 35 0 47 20 30 17 42 43 33 1 18 27 48 15 20 30 3 43 14 47 12 36 27 25 1 4 3 16 26 44 9 10 40 11 20 46 24 19 29 42 22 32 10 41 7 5 13 22 0 20 20 35
15 31 28 20 30 16 6 37 49 18 13 40 13 23 41 17 4 38 8 16 26 39 43 28 3
40 0 29
36 5 9 17 19 18 0 0 28 22 44 4 8 43 21 4 5 15 42 24 44 16 35 2 32 3 0 16 45 40 30 21 39 23 44 15 35 32 10 4 29 42 12 36 46 2 32 7 12 33 1 5 2
47 13 11 47 32 37 34 36 11 26 13 12 39 41 7 2 4 17 44 18 0 15 27 1
48 48 11 43 24 36
44 18 1 45 49 1 45 36 26 8 45 32 26 39 23 21 10 14 18 6 33 6 34 26 20 46 10 3 23 43 9 29 21 7 1 45 47 41 18 1 9 29 35 48 40 31 11 22 3 28 11 11 4 3 3
46 11 40 6 37 6 33 30 4 7 26 25 17 44 44 39 24
24 27 38 23 5 48 15 2 41 23 36 8 37 17 36 26 31 17 42 9 8 35 25 17 19 15 12 30 20 17 49 1 49 16 3 38 43
9 30 36
12 25 4
35 39 44 16 38 42 24 15 33
15 33 25 9 34 36 49 20 41 49 35 44 10 1
21 12 36
43 25 1 7 38 44 1 12 8 35 32 29 16 18 15 33 7 27 41 23 27 0 32 32 38 37 23 29 0 11 41 16 6 43 49 48 0 31 22 19 44 4 2 23 43 16 18 34 40 33 36 45 9 30 5 41 47 12 23 10 0 45 43 18 34 45 47
41 13 46 11 24 27 9 10 0 10 11 48 26 40 46 34 45 46 46 5 25 30 3 4 44 37 21 23 23 1
45 18 22 7 11 15 4 10 40 2 43 49 6 24 13 44 16 8 18 21 33 28 26 39 41 45 22
14 12 36 42 31 36 11 22 42 43 21 39 0 37 11 48 44 7 27 35 0 7 38 47 18 0 15 15 31 7 45
5 42 28 36 41 5 28 31 13 45 10 44 9 15 34 1 5 16 47 10 12 23 24 16 30 46 46 1 27 40 32 44 14 33 7 38 22 47 20 21 0 29 39 32 35 13 1 4
40 9 30 15 15 21 9 16 45 21 33 2 46 22 42 25 17 44 1 12 24 28 24 29 0 47 44 18 15 13 13 11 22 31 28 31 25 4 17 4 29 20 33 9 17 36 34 23 23 2
39 5 41 28 7 45 25 0 43 0 23 25 13 27 22 0 11 17 44 7 45 8 25 42 13 5 40 46 11 4 42 16 45 32 38 8 0 45 25 23 47 32 4 44 9 16 8 45 22
21 14 24 48 37 49 41 8 45 0 11 34 46 17 5 16 4
12 33 4
12 23 45 36 42 31 5 49 48 41 2 26 24 8
39 42 31 15 41 1 37 31 19 3
11 40 29 21 4 17 14 40 30 17 27 0 19 15 42 9 34 0 26 16 6 27 4 28 34 15 2 40 32 35 33 30 3 15 13 23 41 23 32 26 37 0 10 3
22 45 27 4 25 11 22 15 20 4 41 37 21 7 38 47 45 27 37 1 25 23 21 40 6 32 21 12 32 37 48 1 29 0 7 45 9 15
35 45 4 48 26 8 6 20 41 5 27 34 23 24 36 11 17 46
3 3 11 10 44 4 30 4 30 16 0 30 17 17 31 45
0 45 39 22 45 24 21 7 19 49 21 29 46 15 10 40 16 12 0 15 33 10 18 16 16 26 8 35 27 46 21 10 8
37 44 0 41 49 6 44 30 38 11 4 23 20
2 42 9 8 18 19 41 49 29
41 28 37 49 16 16 19 34 28 27 23 11 20 14 10 18 27 7 18 15 17 43 47 35 44 0 20
13 24 15 1 49 6 14 4 49 6 6 47 18 5 16 28 42 43 45 22 10 29 25 11 45
17 28 37 18 13 48 32 12 1 22 31 41 25 11 17 16 8 17 19 42 27 46 46 1 4 29 1 1 25 39 16 7 1 4 10 14 12 22
27 32 25 17 2 2 43 33
18 13 48 40 10 17 27 37 44 45 25 30 15 35 46 46 1 1 11 41 49 29 36 5 17 27 11 38 42 26 9 10 15 33 21 41 23 44 27 12 3 31
40 2 10 48 48 1 25 6 5 12 5 40 6 33 10 14
35 43 29 20
6 28 3 16 47 34 44 16 0 27 18 6 37 44 18 39 12 13 7 31 19 18 12 3 38 30 46 2 32 45 14 17 18 6 47 12 12 25 30 32 4 48 27 40 21 2 21 35 30 36 44 6 8 27 44 10 40 28 3 15
38 22 36 2 10 16 16 7 5 23 11 48 25 40 0 37 32 25 21 7 5 8 26 15 30 32 22 10 48 37 6 36 28 8 0 3 32 4
38 45 22 22 0 29 31 2 4
38 30 30 43 29
26 20 13 2 33 10 4 17 10 40 6 35 45 18 26 17 28 3
24 27 18 25 30 46 30 13 48 1
0 14 12 8 17 13 23 11 15 10 18 4 38 15 41 33 41 17 15 9 45 36 1 45 25 0 39 25 42 27 4 17 13 18 1 9 8
42 21 4 7 40 31 33 34 24 28 46 0 31 29
17 30 25 40 31 9 18
9 25 13 40 43 0 26 37 42 24 27 25 30 3 31 43 25 39 0 15 31 45 21 27 20 29 31 45 43 1 10 0 15 20 17 17 28 9 24 42 19 3 3 18 19 43 21 42 9 13 49 3 28 44 14 15 47 34
28 19 16 35 49 6 24 36 41 34 23 36 15 30 34 1 31 27 25 1 30 5 21 40 33 21 29 31 17 42 31 2 33
34 26 28 29 33 49 29 28 8 27 1 48 46 8 36 32 44 7 14 49 43 28 37 1 26 40 7 20 4 41 37 44 18 16 12 8 2 33 10 46 11 4 25 8 46 1 18 15
29 0 23 13 40 46 46 22 11 16 46 46 26 10 35 27 37 13 49 20 33 7 1 4 41 49 41 8 41 28 34 0 14 3 21 14 30 38 47 44 27 11 4 34 47 2 34 36 44 7 26 22 6 30 4
13 12 0 39 24 19 44 15 41 34 40 29 24 38 43 26 19 10 47
18 27 46 10 46 5 4 41 7 47 28 42 40 7 20 46 21 10 17 10 42 16 42 15 47 37 49 35 27 31 5 16 30 47 20 35 23 2 40 2 7 1
5 39 6 21 33 9 8 16 42 28 11 4 49 28 22 6 2 40 28 11 4 34 29 35 46
48 21 24 48 21 23 41 1 9 37 34 12 7 0 39 42 40 13 12 39 0 11 41 17 49 41 8 45 25 11 45 39 41 1
49 17 31 9 4
5 4 4 2 26 40 39 0 40 0 47 24
46 8 21 29
44 0 11 34 0 47 18 16 30 3 23 26 28 30 25 37 13 20 39 3 48 21 13 11 47 35 49 18 15
24 47 39 46
19 41 45 4 38 35 48 7 47 5 2 37 42 15 30 4 5 28 47 20 41 37 49 17 47 9 24 32 4
4 20 35 49 9 16 46 5 2 19 17 42 34 1 5 2 43 9 37 0 23 10 7 18 4 7 40 31 12 8 20 13 17 14 45 22 31 16 4 29 16 8 0 0 3 44 4 3 38 11 38 45 8 49 35 15 37 12 5 41 25 16 4 20 41 34
27 18 44 5 12 8 21 2 37 30 2 34 31 24 13 22 6 47 5 8 23 25 17 4 23 38 38 32 35 16 19 17 13 21 7 22 1 5 13 8
34 34 0 15 12 33 12 33 45 49 20 46 0 29 39 11 45
3 38 20 46
23 39 22 7 48 17 28 24 14 20 14 39 0 3
31 10 36 14 15 2 43 26 28 3 4 23 41 8 28 25 8 7 45 24 44 45 43 24 8 31
22 6 24 27 5 8 35 48 49 25 11 4 4 28 0 19 49 21 41 28 7 12 3 43 40 23 32 25 6 29 16 38 11 15 5 15 34 26 22 40 15 21 35 43 44 14 40 31 43
41 2 26 35 48 6 17 17 30 2 26 25 29
48 7 0 47 35 33 25 8 43 19 15 27 46 7 11 47 28 26 46 8 25 30 20 40 43 28 46 10 45 40 28 22 33 32 26 7 44 0 47 13 40 7 5 27 40 33 45
46 2 19 17 43 0 18 22 34 30 32 35 18 29 27 1 29 36 14 18 46 1 11 48 7 6 8 22 44 4 23 36 20 35 44 16 7 40 21 45 30 3 44 15 35 33 45 0 19 3
28 7 47 35 25 27 0 28 25 3 23 1 26 9 16 46 11 36 14 39 23 25 3 15 13 9 17 5 49 42 21 22 22 7 40 23 29 22 3 32 20 39 5 15 33 30 32 10 11 10 44 16 46 17 49 42 27 1
0 29 46 17 28 14 33 21 7 2 2 43 40 6 28 19 37 11 48 10 17 45 35 6 17 14
43 44 9 45 14 46
23 45 39 9 26 19 3 17 15 4 17 13 12 32 25 40 46 1
21 27 25 30 28 3 31 34 28 11 17 15 34 45 25 40 43 0 37 49 4
36 2 33 46 0 16 46 22 3 16 30 2 39 24 26 8 26 44 44 4 44 4 29 20 39 23 32 25 4 17 49 20 35 34 0 39 28 44 16 12 32 20 14 30 17 18 6 47 1 42 28 36
6 30 32 45 10 26 8 37 30 30 25 44 15 16 30 25 44 4 35 15 42 22 33 28 17 47 2 9 39 43 12 39 3 15 4 17 44 30 46 1 5 15 5 4
23 43 19 48 48 1
17 49 17 2 16 6 27 6 6 36
30 4 44 31 10 7 6 33 7 44 31
30 15 18 19 44 31 21 20 4 38 17 20 13 2 39 3 21 35 30 5 40 18 0 30 16 8
34 12 12 22 33 15 13 48 48 11 36 6 36 20 45 9 39 11 17 18 39 46 14 24 26 28 29 27 0 3 12 7 26 31 34 31 8 7 40 39 42 21 45 35 38 25 21 41 8 7 5 3 4
38 8 2 16 30 25 4 4
32 20 30 34 29 43
43 0 3 16 32 4 3 28 7 48 19 1 38 17 19 49 29 43
43 25 0 2 46 34 33
39 24 47 37 12 5 28 41 15 39 42 13 24 31 10 44 5 39 11 4 29 0 40 28 41 37 6 29 27 1 5 49 29 46 8 27 5 23 47 18 13 30 36 1 18 19 32 45 46 0 23 1
13 48 37 44 15 33 43 28 30 5 49 1 10 46 41 49 28 34 46 26 39 42 40 11 45 14 33 43 40 16 0 45 36 20
30 30 35 40 29 40 9 30 16 28 34 11 36 28 42 12 39 45 8 36
49 36 6 17 44 23 27 5 27 12 1 45
11 36 44 23 1 12 22 44 18 1 31 43 14 33 43 12 1 12 23 44 45 40 46 17 30 44 31 16 32 13 25 13 47 33 2 35
10 15 42 9 26 15 7 19 17 28 47 5 40 33
5 12 27 38 38 8 2 41 15 42 16 18 5 40 30 30 15
31 16 35 43 33 15 12 27 46 1 30 36 26 37 23 42 31 38 35 41 42 44 0 29 6 32 36 18 4 34
20 20 13 44 4 41 17 31
2 37 48 49 18 44 46 10 45 43 47 25 1 1 9 30 30 13 27 11 15 2 33 10 4
35 2 46 8 17 46 15 39 24 48 29 1 49 18 16 3
5 40 6 30 25 3 18 27 46 0 3 12 3 12 24 38 48 49 21 27 12 23 39 13 44 23 29 39 32 26 16 30 3 2 39 40 33 28 29 24 21 12 3
6 5 17 4 10 26 40 46 15
21 36 11 15 20 46 15 27 30 44 5 3 11 43 19 16 42 16 30 17 18
34 12 27 5 28 26 20 4 38 16 46 0 16 47 2
4 28 26 33 10 12 27 22 44 46
48 38 25 11 38 34 23 11 36 44 46 8
35 27 41 25 42 34 1
28 24 48 27 38 8 43 19 32 42 44 7 27 23 24 15 35 48 49 21 33 36 2 10 29 33 7
19 46 7 22 7 45 9 45 8 28 26 24 10 8 23 2 46 5 31 6 3 20 30 32 42 26 17 10 41 15 21 27 40 29 39 17 13 5 23 36 49 22 3 3
2 41 28 11 0 11 47 44 7 20 29 22 22
14 41 28 36 41 15
32 10 23 24 19 15 21 10 41 25 37 34 28 21 39 6 9 26 44 14 40 11 11 4 3 12 7 45 25 8 36 29 31 6 47 1 12 24 26 6 42 12 12 24 44 1 22 40 43 22 20 45
5 40 23 47 34 21 23 38 25 30 15 18 27 31 19 10 3 2 41 49 20 31 21 23 42 44 4 35 27 44 0 16 2 7 40 0 18 21 9 11 15 12 22 8 36
49 16 2 26 7 40 39 6 14 3 38 32 45 46 16 0 43 19 3
7 6 6 17 44 37 30 34 29 5 31 11 28 7 18
47 1 45 35 33 41 10 11 47 5 21 24 27 2 39 46 30 32 4 44 9 12 1 27 38 22 22 31 6 35 18 14
38 30 38 30 15 1 48 26 24 32 21 20 30 17 31 10 48 6 17 36 46 46 10 12 8 18 1 5 36 32 21 40 31
30 18 13 5 4 4 34 30 30 13 24 27 44 6 45 47 1 38 20 30 34 29 47 9 16 7 1
22 7 18 14 39 13 24 22 33 45 40 29 36 1 18 26 39 13 30 35 34 1 11 41 7 47 47
22 40 10 14 46 0 13 11 4 38 27 46 15 18
45 35 33 46 14 33 12 39 12 17 46 17 10 42 27 11 0 14 48 25 16 46 14 25 39 13 11 34 29 32 22 44 1 38 44 4 27 38 25 21 0 37 23 42 21 12 39 40 15 2 21 9 16 32 22 22
28 27 28 22 7 6 27 18 5 42 25 11 20 46 16 12 12 0 43 10 14 18
33 45 0 2 42 26 6 33 30 34 44 31 15 39 23 36 21 35 26 2 39 44 23 20 4 2 29 6 21 11 26 30 4 34 34
19 15 10 44 0 45 43 26 5 9 39 43 47 24 5 21 33 15 9 13 24 28 27 40 9 24
16 32 13 45 46 10 7 18 44 41 42 9 25 30 4 46 2 41 42 19 44 31 17 36 5 15 17 43 21 36 6 47 12 32 48 3
14 33 30 2 3 32 12 27 7 20 39 25 42 1 22 16 41 34 26 33 1
10 0 18 1 25 23 41 34 0 28 47 22 33 7 38 23 43 33 45 25 16 39 25 9 45 47 6 36 20 31 38 45 14 24 21 4 2 42 12 25 17 10 40 43 12 12 36 46 26 37 49 41 2 2 39 24 9 13 30 4 48 19 29
49 36 44 0 37 45 22 45 46 10 4 17 36 6 36 37 18 44 39 40 33 41 15 12 1 37 1 27 20 14 17 17 10 29 35 32 21 41 42 44 10 16 42 26 44 24 13 9 25 8 24 31 10 14 45 32 46 41 49 25 27 20 16 39 5 2 2 35
39 12 13 21 42 12 33 9 12 36 15 2
43 18 0 30 30 25 23 26 15 21 12 32 25 42 26 28 36 42 44 4
28 34 16 2 32 20 46 41 1 4 48 11 36 11 45 25 40 32 46 0 2 23 47 1
46 24 21 33 30 35 16 47 25 27 38 22 1 4 42 40 2 2 29
29 38 20 14 28 11 4 34 23 23 38 17 2 39 0 14 28 22 0 39 5 8 39 0 26 31 15 9 27 1
7 19 16 39 41 45 35 26
23 2 26 37 9 12 30 18 22
10 4 48 19 43 28 34 0 28 3
3 44 6 8 9 11 4 30 30 20 13 1 18 18 44 5 13 11 24 47 34 16 47 20 40 7 9 25 9 37 36 15 9 18 31 21 20 14 4 5 13 5 16 38 8 16 46 11 20 21 2 16 4 2 39 12 33 23 26 46 10 48 26 39 4
22 47 49 22 42 31 7 31 45 46 15 33 23 45 25 39 9 26 10 45 21 9 24 36 21 7 9 30 43 0 47 12 0 7
9 25 11 0 26 22 11 26 22 44 9 16 8 49 22 0 20
42 15 2 42 19 39 25 17 47 47 44 44 27 44 45 9 11 34 0 39 4 49 35 29 40 31 13 2 46 22 8 28 3 31 35 13 23 2 26 46 22 47 34 33
17 45 21 33 9 18 4 49 30 21 1 9 16 30 44 6 9 11 43 18 6 14 18 25 44 46 2 2 4 49 6 29 33 49 43 18
7 11 24 9 24 15 31 36 29 5 2 29 10 26 6 28 34 44 31 14 40 21 10 8 7 22 40 16 45 40 15 5 31 29 39 9 34 11 40 13 18 29 35 2
14 10 8 10 41 37 23 33 6 2 35 11 36 46 17 45 46 16 47 49 20 35 43 12 32 12 23 5 47 44 46 15 12 17 16 2 9 12 24 21 9 10 12 8 17 36 11 24 21 23 29 1
8 31 27 4 5 13 9 25 3 23 43 19 41 45 32 43 26 46 16 26 40 7 19 37 18 39 5 25 0 2 10 1 10 21 29 28 47 39 41 7 46 34 21 43
46 24 14 46 16 2 40 29 46 41 25 21 36 37 23 15 20 17 49 17 30 16 2 7 44 15 15 34 11 20 40 15 10 12 1 22 16 26 25 40 13 1
2 38 37 16 47 12 0 45 43 26 13 47 33 49 40 30 17 31 14 35 0 0 0 32 4 38 23 36
38 47 49 28 20 14 17 20 35 18 6 37 21 24 14 3 19 29 16 12 36 48
45 49 30 28 24 14 9 26 7 27 28 2 35 30 18 34 11 24 48 38 35 6 39 0 13 13 30 30 30 30 5 21 20 4 48 21 9 12 25 17 18
37 7 22 45 10 40 6 35 44 0 16 42 24 29 6 44 27 34 48 1 45 24
35 48 40 39 45 22 0 26 2 46 42 28 26 7 26 33 21 40 6 45 10 46 42 28 3 38 45 36 49 36 36 37 18 15 34 30 17 28 25 37 21 23 13 7 0 14 4 7 6 10 0 29
5 12 36 43 9 4 5 40 7 0 3
37 34 26 35 6 45 35 16 16 39 23 13 1 12 36 14 3 16 47 44 6 29 36 2 2 3 32 29 25 3 28 3 20 46 21 23 14 26 40 10 42 44 4 25 6 3 23 21 41 33 41 2 33 41 28 29 31 28 25 27 7 2
8 23 26 39 43 45
18 0 37 34 32 3 11 40 7 38 15 37 31 16 38 8 31 21 41 45
42 16 38 25 27 1 30 32 43 19 39 12 13 40 33 41 8 9 11 20 35 27 46 5 3 38 44 30 3 47 12 23 45 4 48 43
22 42 19 37 8 21 33 4 44 16 8 42 1 12 33 32 25 8 25 0 26 7 9 37 44 31 16 18 25 4 2 39 45 36 43 22 36 26 19 18 15 47 44 31 34 34 46 16 4
15 33 10 3 12 17 16 12 24 26 40 7 27 6 42 16 18 15 40 23 32 38 22 47 28 44 10 4 49 29 46 15 9 30 30 19 3 18 31
37 34 23 27 34 47 24 14 41 5 28 20 41 5 39 6 37 49 6 2 33 36 8 45 49 15 21 29 5 12 13 23 32 29 43 9 24
37 44 10 41 17 18 13 9 29 32 26 28 22 32 10 29 13 46 41 37 23 20 4 42 26 15 1 5 8 17 27 48
23 2 37 18 21 39 41 18 34 46 41 49 32 35 11 4 38 22
40 11 15
37 36 42 21 1 25 27 4 30 17 44 5 9 5 47 39 23 24 21 33 25 13 5 28 14 9 26 7 1 37 32 20 46
5 27 30 34 29 5 31 7 47 12 1
42 24 26 35 39 3 4 29 42 22 22 44 41 34 0 28 9 45 32 12 12 30 38 9 25 17 28 27 7 48 15 4 3 20 13 49 20 41 14 45 22 1 4 2 37 23 33 46 42 44 1 30 44 10 16 16 47
26 24 22 45 43 1 10 11 41 13 30 17 46 41 7 44 18 14 38 45 8 23 36 34 15 30 28 19 46 22 47 12 33 45
5 3 17 19 41 25 40 39 40 32 48 11 43 24
8 18 19 17 27 1 18 16 0 14 1 5 27 1 31 22 15 35 48 38 32 45 27 37 36 45 18 39 45 0 20 33
22 40 31 16 18 25 16 39 12 33 36 34 29 13 18 19 44 10 18
21 27 0 29 1 25 0 14 26 35 18
44 10 1 37 34 32 46
44 46 10 45 24 9 46 46 34 48 40 30 16 18 0 28 47 32 20 35 43 25 40 39 16 46 30 32 46 7 22 8 7 11 48 46 10 21 41 18 15 1 10 41 49 15 42 22 31 17 31 13 8
47 10 44 31 27 40 16 38 44 27 0 29 42 9 46 2 32 8 1 4 17 4 38 27 4 41 49 37 31 9 11 45 36 34 0 23 21 23 20 14 33 30 18 5 13 49 18 39 4 38 22
30 3 12 17 28 20 14 1 48 37 16 42 31 28 3 17 44 16 26 20 14 37 40 39 41 17 17 16 7 44 31 7 16 26
48 29 22 19 17 45 24 19 3 28 21 33 49 41 23 27 22 22 34 44 9 26 9 46 2 9 8 27 1 5 4 25 1 22 8 36 37 34 26 25 16 6 9 8
36 2 39 6 33 41 34 23 15 27 41 49 21 7 45 9 26 39 12 36 37 40 46 7 5 17 31
3 20 31 29 43 33 12 36
27 9 37 42 22 8 27 18 1 18 6 44 39 11 15
27 5 27 32 21 33 45 10 35 40 18 34 0 16 30 35 27 40 10 35 29 6 20 39 45 27 32 21 23 20 46 2 41 34 29 40 0 16 28 19 18 5 12 1
34 48 3 19 44 4 49 43 25 13 49 17 5 23 13 49 40 31 21 23 1 5 17 15 2 23 20 35 23 1
11 22 34 1 42 9 11 34 40 46 42 15 37 21 2 38 42 28 40 18 34 15 18 5 41 25 37 23 14 10 46 2
3 11 26 5 39 43 22 8 43 33 28 2 9 26 31 16 47 13 46 42 44 4 25 21 0 11 20 45 24 36 42 24 38 37 31 41 14 28 0 2 29 13 7 9 13 2 37 21 22 8 46 15 13 25 44 5 41 7 0 2 46 1 7 47
36 37 21 12 8
21 43 16 2 7 25 6 47 33 10 18 6 27 48 38 38 25 17 46 26 46 22 36 34 44 41 45 40 7 6 47 20 40 28 14 37 17 2 37 44 37 8 21 39 6 6 14 23 42 27 46 24 29 10 7 44 10 17 4 23 29 35 43 16 35 25 6 24
20 29 1 12 17 43 21 41 45 35 0 39 17 44 15 41 37 42 31
44 10 36 37 45 40 33 32 4 35 29 36 26 30 35 11 28 26 39 16 7 6 5 8 41 34 31 21 36 16 38 20 30 21 35 6 42 22 19 44 4 8 31 6 44 37 16 8 49 5 17 4 2 7 38 48 32 35 39 43 12 33 41 18 22
14 45 36
45 4 41 42 26 8 9 37 11 40 32 36 32 21 35 48 41 15 41 7 47 41 33 45 35 6 5 47 44 46 30 17 17 47 9 15 13 46 21 1 18
4 41 25 29 27 32 26 28 29 46 14 23 13 7 22 45 9 37 34 46 10 41 7 6 42 9 34 23 43
4 41 37 45 35 29 38 43 14 26 39 22 20 17 42 9 15 27 1 25 27 9 34 15 27 48 29 35 2 2 16 32 43 26 37 31 28 46
37 34 0 18 29 13 25 17 30 44 45 9 5 42 1 4 3 18 34 30 47
16 47 9 12 36 15 30 19 29 5 41 14 48 41 2 46 8 35 45 46 16 6 2 40 46 0 15 16 8 45 36 34 1 45 0 16 4 44 6 35 44 46 41 34 34 45 39 6 21 12 13 20
19 46
36 6 3 48 27 22 7 40 13 48 6 36 14 30 35 0 26 2 21 9 17 2 35 43 16 19 43 16 47 10 18 39 43 22
15 9 4 34 34 33 41 34 21 35 29 46 2 46 11 4 7 12 1 38 11 40 0 14 18 18 1 12 23 1 31 44 4 17 44 30 25 13 22 34 16 18 31 6 21 29 24 27 46 42 13 11 22 22
6 30 36 48 37 36 8 17 30 38 22 0 43 43 44 18 27 37 44 15 13 44 24
38 34 34 31 13 30 44 44 16 46 42 19 44 44 7
39 40 43 40 16 26 37 49 28 20 35 49 40 23 21 42 26 13 46 17 44 31 6 43
1 26 13 8 31 7 40 30 43 0 7 27 1 26 19 44 14 28 44 24 22 10 46 2 32 21 2 4 10 1 38 48 38 42 43 9 11 17 28 26 25 29 21 36 2 43 0 19 46
30 38 20 4 28 0 3 48 48 0 11 38 47 25 27 9 46 1 37 31 27 41 42 12 7
8 36 26 33 49 5 39 40 0 3 44 39 23 23 24 31 12 24 19 15 34 23 32 13 45 8 43 12 32 20 17 28 21 24 8 46 2 37 49 25 11 47 24 10 17 36 14 12 7 19 29 46 10 40 28 19 29 6 6 17 16 7
11 38 20 14 37 8
0 11 28 14 35 26 16 26 10 47 10 3 26 24 21 9 46 42 28 20 45 35 44 4 41 2 33 30 43
14 47 12 8 23 20 33 12 24 42 40 11 24 16 18 15 37 42 28 19 46 14 26 15 15 18 5 4 10 4 41 33 45 32 12 0 18 22 19 3 4 8 16 4 10 1
32 3 38 22 44 4 10 26 20 4 23 41 7 20
11 43 21 40 28 27 23 42 21 33 28 20 13 8 49 29 25 1 7
16 46 16 16 46 16 38 22 45 49 40 39 45 43 0 0 31 22 32 35 45 46 11 43 25 1 45 18
2 9 10 21 40 13 3 18 15 34 23 27 18 0 43 33 32 25 4 29 16 41 8 35 11 41 33 9 12 12 23 29 46 17 28 31 8
36 44 16 0 16 30 46 10 18 13 46 15 10 0 43 0 3 32 22 16 46 21 13 30 18 34 45 27 48 27 12 0 32 22 34 33 28 42 43 44 37 31 33 10 29 5 9 16 2 37 17 36
27 0 3 20 30 36 26 31 15 10 16 46 22 22 34 29 39 42 27 12 32 13 13 44 14 35 11 10 7 9 16 8 27 31
25 21 20 30 4 48 15
1 18 13 9 10 40 46 11 4 41 14 24 15 12 0 28 25 30 25 0 43 44 27 23 15 12 12 22 22 45 46 22
0 16 4 49 3 31 36 21 10 29 39 32 22 36 15 40 32 12 5 36 14 46 2 23 24 38 47 32 10 14 28 44 15 9 13 1 49 28 27 1 10 16 47 12 33 12 39 16 12 1 45 9 16 47
3 11 16 2 38 17 4 3 31 28 34 36 18 18 31 43 19 32 3 12 22 16 39 44 27 34 30 43 18 25 27 22 42 31 24 36 27 35 36 46 42 22 47 33 12 7 38 25 39 3 18 15 18 16 18
19 10 45
22 44 31 6 30 15 41 18 44 4
5 9 30 28 40 32 35 11 0 23 25 29 27 30 34 32 29 28 8 18 15 30 46 0 11 48 40 2 43 40 10 23 41 14 13 11 41 10 11 28 24 47 44 5 8 16 42 34 29 39 44 18
13 28 20 20 31 27 38 44 4 48 38 17 15 9 30 43 33 21 36 8 7 31
33 49 43 29 21 24 36 34 36 8 17 46 1 45 25 4 8 16 16 39 45 27 23 41 49 16 45 18 25 6 33 45 40 2 26
33 30 28 22 40 11 4 23 26 20 46 30 28 37 23 10 46 14 49 29 39 40 10 12 22 47 41 34 40 30 25 27 7
3 48 6 5 41 8 31 2 9 34 11 10 47 22 31 27 4 48 25 27 34 23 12 12 7 2 46 41 5 36
10 12 24 8 31 43 18 1 25 16 26 33 10 48 32 22 20 39 16 47 34 16 8 45
35 6 32 44 30 32 45 0 40 11 15 41 13 1 42 28 11 36 46 26 30 34 23 24 38 9 16 39 4 25 1 5 47 49 41 5 28 3 17 17 28 7 14
43 21 33 4 25 9 11 43 22 10 14
14 12 13 44 45 0 26 13 1 45 8 43 29 6 14 47 9 37 42 34
38 20 30 13 28 2 43 19 3 41 7 19 32 21 11 17 44 15 13 48 15 47 41 18 21 11 20 30 4 38 16 18 0 43 25 4 46 0 39 21 33 6 24 13 18 13 5 31 29 39 32 48 1 11 16 39 44 37 31 17 14
34 29 33 46 1 48 48 34 32 29 1 9 39 46
13 22 7 12 33 41 15 18
17 15 39 11 40 30 38 20 13 9 10 48 27 6 34 11 45 8 1 5 47 35 34 29 13 45 4 2 16 4 46
15 27 12 27 5 36 41 23 15 38 8 6 37 6 6 3
0 13 45 21 4 5 13 28 37 16 41 34 29 13 46 22 15 9 16 46 46 7 31 28 27 48 10 46 11 4 28 41 13 49 40 30 15 20 41 2 21 36 29 31 34 23 29 46
15 31 5 25 16 41 45
19 37 44 30 19 26 46 10 18 1 38 34 49 21 2 3 31 38 11 4 2 40 30 19 34 21 36 45 24 21 24 26 39 3 0 43 22 19 49 35 43 16 2 23 10 12 17 31 24 10 29 46 42 25 17 10 3
32 45 9 15 9 26 15 41 37 42 26 44 4 7 45 35 2 23 13 22 42 31 25 1 25 42 1 4 35 29 46 0 3
44 5 9 10 16 39 3 21 22 1 27 48 49 1
40 7 40 10 41 1 42 31 24 10 1 1 26 19 46 8 20 16 0 7 2 46 5 2 3 38 27 2 35 38 17 27 11 47 6 44 37 31 33 49 30 46 41 34 40 7
13 40 10 12 39 42 44 0 3 19 10 41 33 34 45 24
6 2 42 31
16 39 3 11 41 28 36 11 17 10 48 40 43 45
42 28 44 18 6 3 41 49 3 47 49 11 28 7 38 45
47 10 23 42 22 19 10 40 28 21 11 0 32 13 34 16 0 10 29 31 45 46 17 19 46 17 46 0 10 12 27 35
30 30 44 39 0 20 41 8 49 32 10 17 16 19 44 27 18 5 12 13 44 18 22
13 13 30 30 4 44 45 25 37 34 45 22 11 15 12 5 9 13 12 32 29 36 14 48
27 11 0 7 12 30 17 5 38 25 16 19 34 45 10 1 9 27 25 37 44 16 0 47 49 30 4 7 14 47 24 28 26 10 23 27 7 20
17 31 43 29 6 5 14 45 43 12 23 15 9 18 29 10 44 16 19 39 23 42 22 22 22 31 34 30 28 26 17 17 2 32 32 36 27 7 31 19 1
38 23 36 8 36 26 35 6 35 32 8 41 13 23 1 45 25 21 9 16 32 25 3 2 9 18 5 45 39 3 26 2 26 46
36 1 27 5 41 8 46 30 34 48 30 35 45 40 16 26 13 21 14 41 5 8 1
11 45 46 1 38 35 18 39 0 14 9 8 35 40 30 28 47 12 36 15 16 2 33 45 10 8 9 39 11 41 16 19 44 4 7 18 18 21 12 33
18 1 5 12 24 5 45 27 32 10 41 47 28 36 20
15 18 0 27 44 4 7 38 16 4 44 41 37 12 0 3
30 44 37 8 35 34 21 40 0 16 12 36 36 26 2 2 10 35 2 38 17 19 15 16 3 15 42 27 32 37 6 3 19 1 27 12 1 5 12 7 40 16 18 44 14 25 29 24 44 23 5 31 2 16 26 24 21 42 40 15 41 5 28 25 4 38 48 43
22 3 43 25 3 21 12 0 27 37 13 30 13 12 39 9 27 9 4 20 41 13 8 42 27 18
22 0 16 39 9 18 4 49 48 7 19 37 12 27 6 8 37 45 39 5 36 36 45 46
23 44 15 35 48 19 10 29 46 41 28 31 21 12 17 5 49 4 27 23 2 32 32 46 26 19 29 21 24 13 44 24 22 6 45 27 48 1 4 3 2 33 32 46 2 32 4
40 46 41 14 49 15 10 16 30 15 4 29 38 43 18 6 27 9 8 16 2 10 4 7 18 25 3
13 21 0 0 14 46 1 7 9 12 36 8 43 24 5 3 41 16 4 7 0 39 25 16 46 16 32 44 16 8
7 6 2 10 17 42 24
14 3 2 33 36 11 26 16 2 26 9 25 37 44 18 1
31 17 2 3 16 39 43 29 39 45 14 40 11 26 5 8 27 23 32 29 46 16 46 41 33 4 35 16 8 7 12 12 39 23 27 38 47 49 40 10 36 6 2 32 42 27 30 47 39 6 8 24 32 3 2
44 10 8 24 9 26 20 40 7 22 16 41 49 37 30 46 10 14 3
46 15 42 24 14 49 35 15 27 2 16 41 8 31 5 14
45 35 29 0 47 18 26 37 32 22 6 35 44 45 47 24 48 38 44 18 39 24 47 6 20 17 30 44 16 39 9 25 21 22 40 30 5 49 11 47 2 43 10 35 34 26 7 9 4 41 10 44 46
30 2 46 22 19 17 2 10 36 8 6 24 16 18 21 36 16 4 23 23 47 32 37 13 48 48 25 40 43 0 11 34 31 29 43 16 47 5 14 33 46 16 12 17 4 2 10 1 29 43
10 44 23 29 6 2 40 33 2 19 17 42 25 27 46 2
48 17 47 37 23 24 21 33 9 15 5 36 11 28 7 2 16 32 44 37 23 14 33
13 7 26 22 10 14 37 42 15 37 36
10 8 43 25 21 1 7 1 10 47 22 33 4 23 36 2 19 48 19 37 18 29 21 45 40 46 11 34 12 32 42 31 41 8 16 26 44 10 29 28 22 6 5 49 18 31 7 45 22 15 13 1 42 40 13 21 36 14 24 36 43
46 17 18 46 2 4 25 40 11 38 20 31 38 32 46 16 47 49 32 4 49 35 2 32 29 6 42 13 7 40 2
33 30 35 11 17 19 41 47 37 49 22 16 0 26 25 40 11 15 21 2 37 34 21 14 48 10 8 0 41 2 16 7 9 17 30 25 42 1 18 27 4
22 6 32 20 13 27 2 4 8 25 27 41 25 3 41 1 37 36 16 38 30 43 29 46
12 27 2 41 2 21 1 9 11 28 26
7 27 38 32 21 39 4 17 2 32 43 19 44 9 30 34 12 5 28 41 47 25 30 15 4 4 35 26 25 39 9 13 22 19 3 15 9 30 44 4 35 40 29 6 3
39 0 43 19 3 16 35 39 25 37 23 20 13 28 30 18 26
32 48 43 22
2 16 32 35 44 30 25 3
0 39 41 34 26
21 0 10 36 34 23 29 46 5 28 9 45 25 27 38 15 1 29 16 18 4 3 15 21 7 26 22 45 21 43
5 40 2 32 8 17 5 27 11 48
14 24 36 37 16 8 31 7 47 10 23 24 38 43 28 31 34 15 13 13 18 19 41 8 27 25 9 34 32 32 35 48 15 37 8 25 11 47 12 13 9 4
36 11 4 28 25 44 39 23 10 1 45 46 7 18 46 2 46 15 33 36
37 18 44 0 19 37 16 4
28 27 38 20 29 16 7 6 9 11 15 42 43 44 4 46 0 14 18 27 34 46 0 11 26 8 37 13 40 16 47 2 32 45 18
3 28 26 16 39 43 26 46 1 29 33 1 10 18 6 47 44 37 45 36 27 28 42 27 22
4 23 25 4 5 8 9 18
9 8 36 1 1 49 1 5 4 4 8 0 28 40 23 2 40 2 37 18 13 17 17 36 14 48 31 14 33 49 48
45 0 10 48 19 37 45 40 46 41 49 6 20 31 5 15 20 41 42 26 39 0 7 6 24 38 43
27 40 30 4 10 14 26 7 9 11 0 32 3 12 23 43 33 30 44 7 38 42 16 19 41 34 12 30 18 21 7 31 38 30 3 19 26 20 33 30 4 10 14 4 20 39 43
22 7 44 16 8 17 2 37 30 36
38 8 24 10 46 7 9 15 12 17 17 43 44 46 41 15 27 34 0 29 5 9 29 25 13 30 2
8 26 24 38 44 44 1 27 31 8 49 18 1 12 33 2 37 13 5 12 17 49 43 24 47 49 15 21 12 30 34 34
48 30 43 21 9 24 48 38 22 20 29 6 3 21 20
48 34 11 47 47 39 23 45
26 22 22 33 6 2 46 16 3 15 37 16 4 4 29 47 9 4 46 2 43 0 43 21 39 4 35 40 31 35 11 26 24 21 39 43 22 16 4 4
12 22 20 17 27 48 0 20
27 2 39 6 17 44 30 43 33 4 2 34 28 46
47 25 40 15 38 22 32 8 24 38 20 39 43 1 10 48 27 28 29 10 46 0 7 14 46 8 1 37 42 26 16 39 12 3 23 38 16 7 0 47 9 8 45 25 37 34 49 9 29 47 49 30 25 4 48 48 41 7 12 12 33 36 46
46 41 15 37 13 48 10 21 40 43 10 0 18 31 6 47 44 37 7 38 17 36 20 33 41 37 7 0 39 3 18 27 23 15 39 44 41 42 21 10 46 15 47 2 9 15 13 18 25 4 46 0 26
27 7 9 16 6 28 40 33 46 21 20 33 1 30 28 14
27 2 33 1 42 27 34 28 46 21 42 43 1
29 25 29 35 15
0 14 41 17 49 30 16 38 20 14 37 8 10 47 18 44 39 3
25 27 4 28 22 7 47 47 10 8 36 34 48 43 33 36 28 47 44 37 32 21 36 18 12 32 38 42 44 16 8 0 11 36 32 37 13 2 2 37 23 12 30 28 22 10 40 11 26 39 9 13 23 12 22 33 32 21 33 45
10 36 49 32 21 45 39 41 33 10 48 31
37 36 21 20 4 7 31 28 46 46
27 28 34 40 18 27 20 35 39 44 14 12 8 25 21 29 43 21 11 16 6 21 27 48 11 28 41 10 7 45 8 17 36 1 12 22 16 47 22 42 21 9 27 32 35 16 42 27 22 7 26 5 39 17 31 35 2 23 2 3 15 35 2
35 0 2 29 22 36 34 32 3 44 4 48 18 44 5 15 34 31 21 29 25 8 42 22 36 32 10 3 19 29 40 23 47 35
16 41 37 0 3 47 35 34 46
4 20 30 20 17 30 17 5 13 30 21 11 26 39 28 14 40 28 0 29 27 40 31 9 16 3 2 33 25 1 7 40 29 28 31 38 37 1 29 33 45 9 11 47 47 5 41 8
39 13 23 43 9 45 30 4 35 11 10 0 15 7 47
36 36 8 28 14 15 27 46 21 11 10 29 38 22 32 36 34 1
40 28 34 21 27 2 39 41 10 23 29 42 1 26 25 27 2
13 25 17 20 33 25 8 9 46
26 17 27 34 29 1 4 4 27 18 31 24 9 4 41 16 47 41 15 31 36 27 48 6 29 10 0 26 46 0 28 22 44 37 1 49 41 33 34 15 20 31 11 16 30 44 27 4 8
29 5 48 1 29 46 15 12 25 29 13 7 40 11 17 17 10 12 22 16 46 1 10 3 26 16 46 14 37 32 29 21 41 12 39 28 14 33 10 16 45 25 37 12 36 32 44 44 10 40 10 1
27 48 43 26 30 16 2 23 11 4 28 19 10 7 9 26 17 13 11 47 37 45 22 10 0 43 0 27 6 5 14 24 28 14
47 20 46
31 17 45 35 16 35 30 18 4 29 35 23 47 32 48 29 16 42 44 45 0 30 46 30 36 6 44 0 41 47 32 37 13 48 41 13 24 42 24 21 27 23 25 17 31 14 3 32 37 45 46
35 36 6 29 22
29 36 14 18 27 37 49 18 22 16 28 25 27 18 1
15 34 11 4 5 49 18 18 6 37 40 29 46 1 48 21 29 39 16 41 17 16 4 4 17 18 5 36 34 49 37 0 32 3 11 45 22 44 30 32 22 22
31 11 28 0 41 33 21 27 44 15 27 37 13 30 44 9 15 33 25 30 18 19 3 28 34 40 6 35 23 1 38 20 30 4
1 4 17 17 17 16 19 43 12 22 10 46 11 40 30 43
30 35 13 22 11 16 41 8 2 23 2 33 43 21 42 25 6 9 4 48 44 37 13 1 25 6 17 19 48 17 16 28 31 29 22 8 23 20 21 10 14 49 28 34 24 47 6 6 8 10 47 24 14 24 48 18 31 7
41 13 5 13 18 19 41 28 34 47 1 42 15 31 16 12 39 4 30 2 16 12 0 14 46 17 13 20 48 1 38 47 47 41 16 16 41 8 25 29 47 22 3 12 24 10 4 48 25 4 20 30 43 25 6 36 45 0 28 30 21 43
25 6 14 10 46 2 33 9 12 5 39 0 23 23 26 5 9 45 0 0 40 7 47 35 49 40 31 6 8 0 13 12 5 14 9 26 37 7 18 34
27 46 24 26 7 45 10 11 45 14 28 8 42 16 12 22 36 11 40 21 23 21 23 27 30 32 44 10 21 10 11 47 20
36 48 25 0 23 29 36 27 18
33 36 48 21 9 16 32 26 44 30 3 15 34 47 10 4 23 41 15 9 27 5 39 22 16 6 14 38 45
24 47 6 30 13 48
25 11 17 14 13 46 8 36 11 47 34 30 36
20 33 45 25 27 40 11 15 13 44 4
33 21 14 10 12 30 32 3 17 15 40 43 18
40 46 2 37 42 43 24 48 7 12 22 47 47 5 9 26 20 33 30 34 11 0 27 25 17 47
25 23 33 46 34 45
2 37 49 18 14 3 0 32 10 41 1 25 16 28 11 47 45 4 27 1 48 15 4 3 20
41 33 23 24 38 30 46 1 10 11 26 31 21 7 1 45 40 6 9 10 7 22 45 46 7 48 30 13 44 45 21 42 9 39 6 47 47
9 16 19 17 49 4 41 12 3 48 11 38 17 49 30 25 27 34 15 40 29 21 4 48 40 43 1 27 7 1
20 21 14 23 12 25 40 11 40 11 17 14 49 30 32 44 4 35 33 12 12 32 36 5 14 28 30 19 17 44 5 13 40 46
28 34 34 32 38 37 8 25 13 9 13 40 2 19 46 11 45 43
8 39 44 16 19 32 13 48
0 15 42 1 27 4 42 24
12 5 12 33 2 21 2
40 30 28 21 33 36 45 46 42 40 23 26 40 10 12 39 43 25 44 0 39 42 28 22 42 34 33 43 24 31 25 30 3 17 2 43 1 9 12 22 6 47 24 13 46 22 11 34 21 33 21 10 17 36 45 25 16 16 39 28 14 25 29 24 13 18 29
47 47
1 4 38 22 44 5 31 29 25 17 45 40 46
5 41 5 31 28 34 47 22 44 39 11 4 17 45 22 34 40 28 40 16 4 17 42 13 48 32 43 45 27 9 12 8 2 35 40 16 18 19 42 1 1 27 2
32 8 45 32 26 30 16 7 27 35 6 45 30 28 0 29 25 9 26 44 27 41 7 19 48 25 42 24 5 12 0 7 9 5 28 9 46 10 7 40 15
48 25 0 18 15 16 12 1 49 15 21 33 32 32 43 12 36 27 20 35 38 44 24 10 48 25 9 46 17 45 49 42 15 30 17 36
13 24 9 17 49 25 30 13 28 0 32 20 45 40 10 46 0 31 33 49 3 11 36 16 2 4 29 31 44 16 4 17 19 34 46 7 38 44 10 16 0 13 47 2 43
48 30 4 38 8 26 9 18 5 39 0 32 45 49 20
9 37 11 48 46 0 3
14 20 33
46 15 5 27 6 39 3 18 25 16 16 45 43 44 14 37 17 45 36 2 42 44 10 48 17 4 49 15 2 41 23 11 43 10 18 31
35 44 37 18 44 44 16 19 32 13 2 7 16 3
31 13 30 36 42 19 49 1 10 14 26 24 48 26 10 40 2 33
2 43 12 23 33 41 28 20 13 30 46 10 35 38 9 17 15 1 18 18 25 29
49 6 24 36 5 2 2 23 26 40 6 5 49 22 19 18 19 41 37 42 16 30 4 8 37 21 14 49 1
39 21 42 26 46 5 17 4 7 38 9 27 38 43 0 15 41 17 47 39 45 0 41 12 24 5 12 8 31
27 34 45 46 41 8 25 8 25 9 37 40 32 29 31 10 14 40 33 49 35 49 36 45 35 43 0 27 40 32 42 34 46 2 7 1 9 5 3 44 45 49 11 45 25 21 33 15 2 41 49 21 27 9 10 0 7 22 15
18 15 40 16 26 28 3 11 16 6 3 26 16 18 25 42 44 31 25 11 20 35 34 31 28 0 23 11 38 16 30 32 46 5 12 22 32 10 1 49 41 16 18 1 7 45 21 40 46 11 15 42 25 3 15 4 20
9 46 8 6 20 4 30 38 43 47 24 44 7 18 6 8 46 0 16 28 40 46 16 0 28 29 25 13 46 42 27 0 43 10 23 20 48 15 38 44 24 48 44 0 7 25 40 31 8
18 39 25 30 15
11 48 27 20 29 33 45 0 0 40 9 29 38 47 18 4 5 27 41 18 46 1 45 35 11 17 45 46
0 43 28 42 1 4
33 6 5 47 18 25 40 23 15 7 5 49 30 36 29
2 4 23 44 1 31 5 17 27 6 37 30 18
2 7 26 19 32 3 26 5 31 45 24 48 27 31 38 34 0 16 3 12 27 44 9 16 41 34 48 11 17 15 9 13 1 48 27 12 27 30 4 23 12 12 22 20 14
31 43 22 36 29 20 48 10 7 14 39 44 30 15 37 16 2 16 26 16 38 30 34 32 13 1 22 34 34 0 45 21 2
12 5 27 23 27 40 23 2 33 4 46 22
28 37 8 31 45 35 29 22
29 1 42 9 13 40 16 18 4 5 39 32 46 14 15 20 48 7 19 42 16 28 21 23 24 14 37 7 22 33 2 2 26 33 49 36 27 41 34
34 21 43 24 26 44 41 18 21 2 42 31 29 36 1 27 1 25 29 35 26 46 22 16 19 3 2 19 15 12 13 11 28 8 2 33 1 27 38 8 1 38 20 31 33 12 22 1 30 35 29 0 7 18 31
35 23 42 43 25 21 41 8 35 39 24 26 46 22 7
36 27 34 23 24 15 4 8 26 7 44 4 35 13 34 31 27 9 27 35 26 33 30 38 23 33 28 25 11 4 20 46 15 15 42 15 4
35 39 45 0 2 46 17 36 21 24 10 23 10 16 16 6 29 6 28 37 11 47 25 3 4 4 10 36 32 35 43
43 47 39 45 40 2 33 32 43 1 30 34 0 20
45 43 24 10 40 32 43 43 19 46
6 32 29 33 4 46 26 39 9 25 11 17 4 20 39 24 36 42 28 22 33 23 11 17 14 4 41 28 7 12 36 5 3 38 11 15 20 29
26 15 21 1 1
38 48 27 11 48 11 40 0 30 4 27 35 36 6 43 49 15 27 9 24 38 9 4 46 8 2 34 30 3 31
43 22 1 25 42 43 14 49 11 24 10 48 15 33 6 35 48 25 8 7
5 3 23 29 28 25 23 42 34 24 29 46 14 45 36
13 27 31 11 47 12 7
49 41 14 3 47 18 18 5 3 11 48 46 16 45 32 46 16 2 2 23 36
42 43 1 37 32 29 1 10 44 7 5 8 25 4 7 5 13 12 1 10 12 5 42 31 19 15 40 13 1 38 34 33 28 21 11 40 29 46 34 23 24 44 15 39 42 24 15 34 33 7 1 45 36 29 42 25 21 24 9 8 28 37 45 46 41 8
22 47 28 7 5 17 45 4 34 45 46
31 7
14 15 17 28 0 29 25 3 15 42 43 9 5 27 6 6 24 9 12 3 2 38 16 32 13 5 36 41 37 9 46 1 4 27 6 42 1 37 49 16 7 26 16 0 47 34 45 0 45 8 0 30 4 10 12 7 2
49 48 41 2 33 21 20 21 23 24
44 45 30 43 10 36 42 27 0 28 24 16 18 46 15 30 2 23 10 8 22 16 45
43 19 15 16 0 30 25 4 4 17 43 16 3 26 44 46 46 21 39 41 12 23 32 25 29 39 21 45 9 8 5 25 37 49 30 2 10 29 16 45 43 49 17 46 22 42 25 1 9 4 49 1 26
28 30 35 39 6 17 39 4 23 23 36 16 47 28 14 33
33 28 22 0 2 26 30 38 11 47 2 2 37 31 7 25 27 6 8 5 12 7 9 4 20
43 44 9 12 3 3 32 8 45 43 10 45 21 33 4 30 32 29 27 7 20 35 40 43 16 46 17 44 9 37 44 1 5 21 23 47
48 32 8 36 18 12 24 21 36 45 27 1 27 32 20
24 36 16 45 0 23 25 29 6 45 22 42 9 13 22 22 7 22 6 3 26 31 2 41 37 23 2 43
6 17 15 20 21 11 15
25 37 21 41 49 29 47 35 49 37 23 14 4 4 17 4 23 38 35 29 1 37 18 34 40 32 48 6 20 46 14 28 34 30 47 44 18 26 13 48 1 38 17 19 32 21 4 48 1 26 25 27 22 15 13 9 5 47 33 43
30 16 16 7 0 47 49 30 20 33 10 21 11 45 9 16 0 16 45 0 37 16 19 16 0 26 5 13 20 17 19 17 39 12 13 23 38 30 20 35 45 43 18 19 18 4
24 22 33 46 15 42 28 27 1 45 32 3 0 10 36 14 26 39 16 46 42 21 33 34 16 6 43 33 4 8 39 28 19 44 44 30 36 29
15 2 33 6 42 12 22
21 42 31 6 6 29 36 49 36 2 2 46 46 5 21 22 11 28 20 45 22 33 21 41 7 6 2 4 44 5 16 47 34 47 45 35 29 27 37 42 34 21 0 37 16 47 35 27 7 40 13 21 9 24 15 41 2
2 2 7 1 30 46 2 33 10 44 27 38 17 28 3 43 33 30 25 40 16 46 2 16 42 21 40 28 20 40 9 5 12 22 33 32 29 47 34 12 3 44 10 47
38 22 47 44 37 18
33 36 1 5 31 33 30 20 35 6 20 17 46 2 39 13 1 11 48 7 26 40 10 18 44 10 48 6 43 22
35 30 43 33 15 12 0 15 34 36 42 34 16 42 28 27 2 33 1 22 36 8 24 14 18 1 27 9 15 15 20 16 32 22 34 49 15 47 1 4 30 34
38 17 5 27 48 31 27 9 34 30 2 2 19 39 6 36 43 25 42 19 43 24 44 0 3
15 12 8 9 29 6 43 0 23 24 10 41 34 40 29 10 23 2 29 16 2 23 1 31 41 8 20 30 38 8 43 12 39 5 21 24 5 45 8 7 38 48 7 46 22 1 25 16 3 48 11 43 10 44 27 9 15 13 40 30 18 26
3 4
21 27 4 10 46 17 28 41 13 28 36 43 22 1 29 10 21 27 28 3 48 49 29 0 29 28 31 8 27 31 8 35 26 39 22
22 3 15 1 4 30 47 41 17 16 42 25 8 31 13 44 18 46 10 29 36 16 16 19 10 44 39 9 25 1 25 1 38 35 49 36 2 46
26 7 2 2 33 30 44 46 42 25 13 24 5 31 17 13 27 6 35 38 8 49 41 49 9 4 3 15 27 30 47 34 21 10 7 0 26 31 12 25 11 0 7 19 41 17 10 26 17 47
3 32 37 0 32 22 34 32 37 46
27 5 42 31
22 47 49 35 29
22 11 16 47 24 48 29 32 8 46 22 19 41 10 12 17 36 29 39 22 3 26
22 45 39 25 3 15 16 18 14 23 24 38 27 5 15 41 47 24 8 24
48 46 15 9 11 43 19 18 22 44 30 34 30 34 44 39 28 29
32 37 1 38 43 43 40 7 0 23 11 28 41 45 46 26 46 16 45 9 25 6 10 48 37 31
17 45 36
30 2 3 21 2 2 21 42 12 0 26 10 47 37 23 41 47 25 1 12 7 19 3 20
20 17 42 31 8 6 45 10 11 36 5 16 47 41 16 2
2 23 38 17 14 48 11 38 48 37 48 19 44 18 4 28 22 31 5 40 13 46 15 39 12 32 38 37 23 25 11 15 2 46 11 0 39 40 33 25 16 42 44 5 9 11 26 25 16 28 7
1 12 23 26
45 27 25 27 41 47 22 6 42 19 18 31 36 14 12 5 4 27 11 41 33 21 9 18 29 0 47 9 17 16 2 10 40 46 2 4 3 11 43 43 25 0 26 39 5 48 27 4 5 49 3 20 13 40 39 23 32 3 38 30 30 3
22 10 41 5 17 18 4 27 44 24 28 11 15 42 27 12 7 5 13 20 33 7 44 37 42 28 41 7 25 11 24 8 5 3 47 33 46 41 17 17 30 46 8
33 1
19 10 1 18 19 18 26 46 41 17 20 48 18 12 22
37 34 31 12 7 2 16 19 17 17 28 21 24
10 3 2 9 18 6 9 11 0 41 33 4 2 3 31 38 38 20 48 41 18 15 41 33 6 20 20 14 33 25 0 14 37 18 18 19 42 22 32 32 13 47 13 12 3 31 7 19 44 30 34
13 5 8
9 37 23 41 49 35 2 26
44 37 1 1 49 4 38 45 9 45 24 42 44 27 46 10 4
26 33 36 44 15 4 34 47 39 5 27 31
42 19 39 16 28 36 26 9 5 28 29 5 47 35 15 20 39 0 18
27 6 27 4 42 9 45 21 24 10 46 0 43 9 25 42 28 47 37 11 38 22 11 10 46 26 25 11 17 2 21 20 45 9 4 20 20 17 28 19 43 9 12 27 46 41 25 23 41 42 9 17 17 17 43 25 21 20 46 11 24
46 10 26 28 26 9 45 0 20 30 38 22 33 32 8 27 32 8 6 28 3 32 44 15 27 25 42 13 20 21 43
8 7 18 4 4 20 46 22 22 19 3 47 2 35 32 21 0 11 41 14 39 9 11 0 26
12 22 11 15 1 48 25 23 23 15
25 4 5 47 6 28 24 44 14 24 15 18 44 31 14 37 48 26 30 15 16 2 7 40 28 14 35 6 45 9 16 0 47 49 25 3 32 3 16 16 8 41 15 39 40 10 26 8 7 9 15
40 29 47 49 41 34 36 48 15 27 5 2 32 37 17 36 20 46
32 20 29 22 40 18 44 14 24 29 5 49 9 34 24 31 5 13 46 5 49 36 8
28 9 8 36 45 0 18 46 16 19 48 48 0 3 11 45 10 36 32 4 48 6 39 16 46 46 15 21 9 8 39 17 42 40 46
37 44 4 48 41 42 27 20 46 1 10 45 46 1 38 37 44 18 31 19 34 1 42 34 15 34
44 9 18 12 3 2 10 40 15 34 34 29
10 23 12 7 44 45 27 1 45 27 41 25 44 16 30 46 10 3 21 12 8 0 28 14 23 1 7 5 3 11 40 9 27 2 7 2 2 41 34 33 7 20 45 27 32 7 31 33 45 10 47 33 1
38 15 9 13 12 5 14 20 45 30 19 34 44 15 40 9 29 36 27 9 8 45 32 21 40 39 46 16 6 33 49 37 34
47 49 30 20 39 25 13 28 26 35 38 16 30 44 45 14 49 18 1 42 34 46 11 16 4 23 26 33 49 43 14 41 5 31 22 15 41 15 7 18 29 0 30 35 16 28 9 16 18 34 23 29 13 7 9 11 38 23 2 32 21 9 30 44 44 16 6 33
48 17 43 33
49 17 39 28 41 15 41 8 43 44 44 5 45 49 22 44 24 28 25 21 33 2 19 26 6 3 48 32 36 5 39 41 12 30 30 4
19 17 43 0 7 18 0 30 30 16 35 2 7 14 28 41 13 1 42 13 25 30 3 32 45 22 36 41 18 0 2 16 2 34 46 42 16 42 27 22
11 0 15 15 2 34 40 21 41 33 45 10 18 21 10 8 6 42 16 39 13 44 27 18 15 27 11 36 37 21 11 20
20 45 22 1 26
13 49 29 1 11 15 37 17 44 37 1 1 4 2 23 41 14 15 34 15 15 47 35 13 9 16 45 0 18 46 11 16 3 38 47 25 44 18 14 20 45 49 25 1 10 7 48 19 34 15 9 27 12 23 21 1 38 22 11 22 11 10 17 30 36
32 21 45 0 2 16 46 41 2 21 1 27 34 24 42 31 41 18 19 44 7 14 38 25 4
2 2 46 1 9 13 22 47 34 34 26 25 4 48 21 1 7 14 47 28 27 48 41 5 27 40 31 27 6 21 43 10 40 29 39 24 47 1 1 4 23 45 25 16 41 8 9 37 11 0 45 18
23 33 34 0 43
26 7
24 8 42 13 17 19 46 8 27 4 8 21 36 27 48 6 21 10 41 25 1 29 38 47 33 2 10 44 4 42 31 15 30 35 23 32 8
38 17 31 44 4 5 15 27 37 40 15 33 28 7 26 39 41 1 4 29
5 42 27 34 12 0 40 31 8 6 37 1 30 17 10 29 6 17 20
47 5 45 36
34 24 44 15 15
34 31 8 41 17 15 21 14 41 13 8 36 27 23 1 10 4 17 27 2 41 13 21 13 30 13 48 40 39 23 27 41 25 17 31 15 21 40 32 43 44 23 27 44 10 12 30 34 49 22 10 40 32 48 1 45 9 10 0 27 35 29 35
21 27 48 6 36 36 15 13 44 1 18 31 43 9 12 17 27 25 27 28 17 15 47 33 6 14 40 6 32 4 10 41 1 38 11 38 30 18
9 13 22 1 10 12 3 20
29 39 41 37 30 47 22 40 6 33 7 26 22 42 40 31 2 35 44 10 12 27 12 5 17 28 7 26 22 47 41 34 36 2 23 32 4 41 5 8 7 27 31 38 45 21 42 43 0 37 17 14 38 17 31 12 3
33 7 19 15
28 29 1 45 46 15 9 16 39 28 34 29
41 42 22 42 26 17 44 31 33 41 17 49 1 12 27 18 26 15 39 17 42 44 0 14 35 36 6 28 41 42 27 20
5 13 40 29 35 48 44 27 23 38 37 40 43 24 36 8 39 21 12 25 0 16 32 36 26 15 4 20 45 25 6 42 9 13 13 45 10 1 9 26 8 17 14 9 11 40 32 44 4 46 21 0 7 46 1 10 48 46 0 18 14 33 23 39 9 17 43 1
16 46 8 46 11 26 28 25 23 42 1 45 27 11 43 33 45 49 17 36 42 15 9 46 2 34
44 9 13 18 13 25 21 0 27 6 45 24 42 24 9 45 4 28 36 34 44 44 23 39 40 16 35 2 23 2 42 22 40 43 16 8 42 40 39 25 42 40 11 40 7 2
15 30 30 15 41 42 12 33 7 44 4 41 14 15 13 11 22 47 13 3 19 15
17 42 34 0 27 23 20 31 43 12 27 6 24 27 6 27 1 22 33 12 33 49 21 1 5 38 47 33 21 42 27 12 24 38 8 7 16 39 9 34 15 12 32 4
12 1 7 20 20 45 22 6 42 26 39 40 28 19 15 16 18 34 31 44 10 4 28 30 3 21 13 27 11 15 9 13 45 46 2 42 21 41 28 21 45 39 12 12 25 44 23 33 10 4 44 10 48 25 27 31 10 36 32 22 36 49 48
19 37 1 25 0 15 2 35 13 23 23 38 23 2 39 46 14 26 40 10 48 11 26 10 29 10 48 31 44 4 3 15 21 12 24 21 24
19 10 23 24 13 1 25 13 13 2 33 32 13 40 39 3
46 10 0 7 40 10 48 7 16 16 42 22 16 42 22 45 4 28 19 18 5 13 2 33 1 4 7 2 32 21 27 11 36 46 42 40 6 17 27 48 30 35 23 13 34 40 21 43 33
40 46 11 40 23 26 33 45 24 36 15 20 35 41 7 26 15 20 31 21 14 40 39 16 45 43 24 28 27 35 2 33 7 44 23 21 41 47 13 7 16 6 17 16 47 25 42 1 29 27 38 44 1 18 18 4 10 46 26 5 42 16 45 30 25 23 44 15
29 33 1 12 17 28 37 13 5 8 9 12 24 32 13 22 19 46 17 15 9 25 8 21 40 31 2 41 25 3 2 39 12 36 34 44 44 16 6 47
12 32 44 37 45
0 20 17 42 44 31 5 27 1 29 16 3 3 28 9 30 5 49 21 1 4 27 46 41 7 20 14 20 35 39 44 4 46 1 29 6 21 24 19 10 4
41 17 20 17 28 2 37 16 35 40 11 45 40 6 43 0 41 12 5 17 19 41 7
8 10 18 18 12 5 28 36 26 24
33 10 23 24 26 6 9 16 0 14 45 49 20 13 25 29 0 32 25 39 42 16 6 37 12 36 48 46 0 43 22 7 31 12 39 6 45 22 45 10 8 27 32 13 8 31 9 34 44 16 45 4 48
46 41 10 18 14 23 26 10 44 23 42 31 25 11 16 39 6 10 40 46 42 31 15 34 40 2 43 47 1 12 24 31 12 23 27 41 23 42 34 32 22 22 44 44 5 28 0 10 44 37 44 10 44 39 12 25 40 6 39 32 38 17 28 7 5 28 14 33
5 17 19 49 6 29 47 35 15 47 5 17 45 22 0 7 25 17 44 7 2 29 25 9 39 23 25 17 18 16 45 9 18 5 8 0 31 38 25 17 49 35 18 18 5 39 0 13 3 44 7 1 25 30 25 13 40 30 2 3
8 25 44 7 2 4 35 48 17 28 42 44 23 24 29 39 32 26 33 30 30 3 47 33 43 28 31
47 22 44 10 11 41 25 42 28 42 15 37 8 27 32 45 25 30 44 30 3 31 41 10 1 11 47 41 15 21 1 26 44 6 14 47 47 22 44 0 15 47 41 12 7 11 36 11 40 2 10 40 31 34 16 7 0 41 14 25 17 27 48 10 16 45 32 22
47 45
0 23 41 34 46
7 48 38 30 44 39 41 34 47 24 13 1 25 40 43 12 33 21 1 1 5 40 7 14 13 46 10 21 39 46 15 18 44 4 8 45 36 21 14 3 21 33 7 48 46 15 30 20 17 5 21 7 40 10 44 14 35 46 8 28 2 16 12 36 44 1 26
19 3 15 37 40 2 32 29 22 47 28 9 16 8 37 34 12 8 31 43 29 47 49 28 47 5 36 45 49 41 14 49 37 1 29 33 2 40 28 29
9 24 38 43 14 30 13 30 43 45 24 32 43
43 18 5 9 25 9 39 45 4 35 49 43 49 29 24 42 9 24 22 1 42 9 15 38 34 16 47 39 28 27 23 11 15 27 37 0 18 15 42 19 26 2 21 9 10 44 18 1 45 40 7 0 30 34 12 33 41 42 9 45 21 24 5 8
22 7 45 47 28 7 14 33 4 28 3 16 12 30 19 32 10 21 45 47 10 16 2 46 11 47 12 1 25 37 11 47
22 44 27 28 14 20 31 8 45 8 31 28 8 26 40 16 2 41 12 23 14 3 0 41 16 18 13 22 3 19 18 31 21 11 28 46 7 27 41 34 32 46 10 45 4 35 41 10 42 31 44 37 45 9 27 46 41 45 27 38 23 25 11 10 21 33
24 28 7 12 23 41 47 5 49 42 13 3 20 33 6 42 34 45 36 11 20 31 15 16 45 30 4 23 47 32 25 13 47 44 14 41 8 42 16 26 39 4 44 6 44 39 41 5 2 9 15 16 2
33 10 18 26 2 2 35 32 3 38 22 1 12 39 9 29 47 5 3 2 19 29 1 45 10 47 1 37 21 45
23 41 42 44 39 0 32 3 31 33 15 38 32 26 44 0 27 41 25 21 35 44 1 45 49 29 6 42 31 19 41 16 47 25 13 47 1 38 22 32 38 44 9 34 49 16 42 22 42 34 16 28 17 18 34
31 11 47 9 10 40 11 0 14 15
31 34 31
45 40 16 35 40 31 12 3 0 10 0 10 18 26 24 32 12 17 30 35 45 46 14 20
16 35 11 16 6 20 48 49 37 8 27 25 13 8 9 45 40 29 40 39 3 26 37 17 14 37 49 48 15 20 29
41 25 44 31 12 12 30 25 0 2 40 29 1 7 46 46 15 35 41 8 24 27 35 0 20
39 12 3 15 34 28 19 3 2 32 36 21 9 30 30 16 19 44 4 35 26 33 28 37 32 43 40 13 18 29 24 5 23 26 31 16 38 17 46 21 2 10 48 15 47
12 25 23 43 19 17 45 36 42 1 31 44 10 16 28 27 38 44 5 48 49 20 14
21 14 47 41 8 10 0 41 18 15 9 24 19 3 20 35 26 30 13 44 5 49 29 25 9 45 27 5 47
15 2 35 44 44 7 16 19 17 10 47 10 14 3 41 34 28 37 17 44 4 23 42 15 37 31 5 28 14 20 16 30 18 39 42 13 20 30 19 26 2 23 15
49 6 30 4 29 47 47 1 7 26 16 47 24 8 0 11 11 41 23 10 4 44 46 5 36 27 0 27 2 39 6 34 33 12 7
16 32 12 17 45 35 16 2 26 28 2 40 15 41 13 1 7 0 43 29 22 31 14
34 12 7 1 11 17 19 44 37 45 49 28 9 10 1 48 7 1 25 9 15
21 20 46 1 38 15 7 27 40 28 21 35 16 45 43 10 14 30 25 27 6 8
24 10 41 12 30 3 38 27 44 5 45 35 30 25 4 2 29 0 27 5 17 10 40 46 5 42 44 4 29 25 11 36 18 21 13 5 12 33
27 38 45 25 16 32 44 30 17 10 17 42 9 16 0 19 32 35 26 35 33 10 48 46 16 41 1 22 16 41 5 12 17 17 5 4 8 5 15
6 34 16 26 13 11 24 44 46
4 20 41 28 47 5 3 41 7 18 14 39 17 15 5 39 44 9 18 34 26 37 18 46 1 5 9 37 46 16 19 41 17 47 28 44 31 24
31 27 32 21 42 34 30 18
27 34 16 39 28 14 35 49 28 21 0 26 25 40 9 18 18 22 31 27 22 0 3
23 1 37 30 36 46
28 37 32 26 44 44 4
17 31 25 27 23 43 19 44 15 42 31 11 16 19 48 1 18 12 3 44 0 11 47 28 22 3 3 12 1 4
11 24 26 16 3 23 39 41 7 19 42 21 24 13 13 5 40 28 26 24 5 48 34 33 45 47 39 46 42 1 22 6 14 15 2 19 26 16 18 5 39 45 10 40 0 47 1 18 6 14 35 18 0 14 47 6 5 25 0 16 45 35
23 44 44 30 2 4 8 31 25 44 37 36
14 37 16 42 22 3 17 43 43 43 1 27 11 10 7 25 30 17 46 2 10 1
38 25 23 45 10 35 49 6 27 9 10 41 2 10 0 23 23 41 8 39 13 27 48 43 33 1 7 45
38 15 15 31 21 0 43
47 6 9 17 17 28 27 9 24 28 24 13 25 4 48 46 14 37 30 43 45 46 41 7 40 2 26 7 1 26 46
49 35 36
43 26 35 34 47 24 38 23 20 17 10 7 2 34 11 48 38 30 16 45 8 39 28 42 28 14 15 5 39 41 1 38 15 20 41 13 27 22 22 11 17 45 22 31 34 32 20 46 30 17 5 16 35 34 15 30 47 28 44 23 13 24 14 24 36 36
26 9 24 10 16 0 37 0 10 42 13 45 8 2 33 30 25 29 38 48 43 0 0 20 16 0 16 45 36 21 29 0 37 49 37 23 23 42 15 21 13 25 4 5 36 27 41 42 24
19 29 6 2 2 4 46
40 29 40 6 42 34 12 5 23 33 32 13 8 43 10 45 40 28 8 20 21 14 17 36 1 9 16 2 37 0 15 1 12 1 9 24 36 41 47
43 19 17 28 46 26 31 14 12 8 24 26 10 8 17 13 7 0 26
38 15 39 28 37 42 12 39 5 21 13 18 27 18 6 14 46 17 20 35 23 15
14 33 36 32 38 8 5 31 34
44 23 33 1 5 27 30 19 41 37 40 21 11 17 36 14 20 13 5 42 34 11 38 20 30 28 41 15 42 9 12 23 1
20 4 46 41 7 18 6 29 33 12 30 34 44 30 16 7 40 32 10 1 45 39 5 21 7 6 32 48 31 11 4 34 11 10 1
40 46 34 23 47 34 1 12 5 3 0 29 42 22 33 7 40 46 22 32 4 4 23 2 3 21 14 13 30 18 21 12 22 33 10 29 36 42 22 36
46 15 40 11 28 8 37 11 10 48 34 0 26 28 36 15 18 12 39 21 40 9 45 22 31 35 44 27 22 0 32 13 49 20 29 6 3 3 16 26 30 43 16 7 0 41 47 45 46 42 19 44 10 12 22 3 21 11 4 34 11 47 2 2 38 20
41 14 37 32 13 47 1 37 0 31 45
41 47 18 18 22 44 9 15 42 21 10 17 15 17 30 3
3 16 16 26 30 28 22 6 47 24 9 15 15 12 27 38 38 8 7
48 19 49 40 9 11 10 48 21 7 20 20 17 36 41 37 1 49 32 37 16 3 11 43 12 12 33 21 40 43 40 32 35 15 10 7 11 4 17 31 7 40 10 17 45 4 49 48 15
8 49 28 3 11 36 20 17 17 49 1 5 31 5 17 17 18 14 4 42 22 33 1 7 26 7 26 20 40 11 26 40 21 20 39 17 36 49 11 47 47
28 27 34 45 36 42 22 19 18 31 13 11 24 48 27 6 35 43 45 30 32 38 9 5 39 40 9 18 18 6 32 3 19 44 0 3
3 0 13 3 0 14 41 33
14 49 28 0 47 32 45 43
40 7 31 8 9 34 40 7 45 43 28 25 1 30 36 28 11 20 17 18 19 39 21 22 6 8 20 39 6 37 34
49 40 0 41 25 30 4 4 8 5 15 41 16 35 44 5 4 35 39 45 10 1 11 4 8 2 23 1 31 22 34 34 11 28 44 10 41 37 34 36 43 0 3 16 28 44 23 27 2 2 39 17 28 41 8 35 25 3
46 1 7 1 12 32 22 22
12 30 19 3 4 48 11 15 18 34 36 36 46 11 47 12 33
22 40 9 4 8 28 40 30 4 2 35 40 43 29 21 40 2 35 48 11 45 0 3 44 4 7 14 35 30 5 9 16 26 15 1
42 16 0 7 18
47 41 8 35 13 28 3 26 19 42 13 30 20 14 49 41 15 31 15 30 5 42 16 32 3 23 11 26 16 3 44 15 33 41 34 49 22 15 39 4 5 4 38 43 26 46 17 16 41 2 26 24 26
13 30 13 30 43 28 26 9 26 8 1 5 8 18 34 11 26 46 7 44 30 44 37 45 40 7 26 20 33 34 30 19 42 31 2 38 27 32 29 1
11 41 34 23 5 8 16 30 47 39 12 25 29 39 16 41 18 39 40 31 6 39 28 3 38 47 49 36 29 24
11 47 34 15 37 30 35 40 29 5 23 15 33 41 25 17 20 21 14 48 46 5 8
32 35 36
1 38 32 3 41 28 34 40 30 3 12 3 28 29 1 22 22
23 29 21 10 21 24 38 44 7 20
1 12 36 45 30 32 37 36 15 41 16 45
41 5 9 10 44 30 44 46 11 47 24 19 3 44 24 14 24
38 20 33 45 30 5 40 31 44 6 34 33 45 39 28 29 27 23 42 28 11 43 12 24 9 8 45 4 23 43 33 2 34
8 43 24 8 16 45 47 1 49 35 6 8 7 20 31 8 20 13 48 15 21 2 41 1
19 44 37 31 2 46 17 36 42 12 22 45 25 29 22 40 28 46 26 37 42 15 31 7 27 46 14 15 47 22 31 34 26 6 33 46 7 46 2 10 4 5 9 30 46 11 11 0 15 13 30 47 22
21 9 12 25 27 38 43 0 29 6 29 20 35 38 15 34 29 39 41 7 6 33 23 33 21 24 22 22 47 12 0 32 36 42 28 8 24
10 45 22 1 10 3 0 7 46 14 37 23 10 14 20 39 0 0 18 27 9 30 20 13 44 44 37 40 29 32 29 46 14 26 10 26 8 35 32 8 37 30 35 23 43 18 39 24
28 27 6 24 22 10 16 12 27 40 29 27 30 5 49 16 12 27 9 11 4 44 16 2 4 42 44 24 5 36 18 15 37 17 18 0 29 42 24 15 21 2 41 25 30 38 22 33 6 9 12 32 36 41 8 25 11 41 8 0 14 49 37 42 21 43 14
44 16 32 22 47 20 31 43 21 14 37 11 26 19 15 15 31 19 26 5 3 28 8 43 16 45 24
20 20
13 44 4 42 13 44 0 41 7 44 39 43 19 43 21 9 10 42 15 16 32 29 39 13 22 40 31
33 6 29 5 17 31 5 41 42 16 38 9 39 43
8 7 5 3 38 30 15
38 44 30 46 42 25 17 10 14 10 48 37 42 25 13 11 38 35 30 28 20 16 41 17 20 45 21 41 8 25 11 26 25 16 2 7 44 9 30 5 42 31 33 45 49 37 32 38 48 21 0 18 44 15 40 7 44 16 47 39 23 15 40 33
7 31 34 46 17 16 18 14 1 42 19 10 47 22 22 10 46 26 19 18 25 29 38 11 47 32 38 43 40 39 5 27 22 15 42 9 8 23 5 28 29 36 41 47 2 46 5 4 8 6 29 5 3 18 46 22 31 34 47 5 39 0 28 7 11 41 13 11 36
6 36 11 10 35 34 45 0 47 37 11 43 33 45 46 16 3 11 11 11 17 43 22 34 48 44 30 44 46 22 32 20 30 5 3
49 35 26 39 46 11 11 20 13 17 19 44 37 9 18 1 27 2 10 1 22 3 20 13 17 31 41 10 16 26 7 19 18 1 49 3 28 41 10 4 38 38 44 6 43 19 18 22 1 25 30 35 32 42 16 8 27 22 32 8 22 16 12 24
25 16 0 13 44 44 5 23 41 17 10 44 44 30 21 2 10 23 15 27 23 39 25 21 36 26 17 49 42 34
45 22 3 2 34 29 43
35 16 39 43 47 49 42 21 29 22 32 36 14 3 43 0 16 38 38 20 41 7 46 16 30 15
11 26 28 20 17 43 33 41 33 7 20 45 18 15 2 33 10 42 24 38 16 0 26 7 44 4 28 46 11 45 25 1 1 1 29 42 43 25 40 23 12 12 33 43 16 41 2 46 22 15 7 9 16 16 38 8 36
19 41 5 36 27 4 10 3 11 22 11 11 16 6 37 7 14 17 16 47 47 44 0 43 16 3 18 1 10 11 28 25 30 30 17 43 33 12 39 44 5 12 12 39 22 22 32 48
35 39 46 34 26 9 17 4 49 4 41 23 41 25 3 28 9 11 20 35 23 47 20 33 15 31 38 25 1 22 10 14 17 27 31 27 18 21 36 6 10 15 40 29 33 30 17 5 3 31 11 0 2 2
24 15 34 34 49 36 21 33 21 41 37 12 36 37 7 5 13 45 36 45 40 43 40 13 3 44 18 5 13 47 47 5 40 31 38 37 36 48 27 40 28 21 39 25 44 1 45 36 20 17 49 41 16 2 16 12 39 45 46 11 34 0 27 0 15 34 45
20 35 11 22 44 15 17 2 29 43 29 32 46 7 20 4 2 2 33 21 14 40 29 13 1 42 40 13 8 46 2 9 8 10 45 49 1 30 34 34 32 32 37 30 32 38 43 14 1 4 17 19 17 49 17 2 2 41 42 26 44 7 1
11 36 44 15 40 16 8 31 34 12 27 20 16 0 11 15
33 25 8 23 1 31 33 30 13 47 12 23 2 2 43 0 18 22 3 4 2 32 4 34 0 37 34 46 15 21 36 43 19 16 46 10 45 46 41 42 16 2 40 6 33
15 30 44 27 9 5 49 36 43 40 16 18 26 19 15 9 29 27 34 23 27 7 44 10 17 17 49 6 39 45 10 44 31 35 11 47
44 23 2 32 4 2 16 4 20 30 46 10 47 37 40 46 16 2 10 14 17 20
7 19 37 49 3 41 15 12 39 5 49 40 16 6 3 4 7 12 39 3 48 40 31 36 43 47 33
43 45 10 42 26 10 12 17 4 38 16 7 40 28 27 18 13 22 16 45
34 1 1 26 24 27 18 18 0 30 5 21 12 22 33 2 46 2 19 49 11 20 20 46 24 9 26 10 45 35 23 45 47 47 13 22 33 25 30 21 7 6 10 40 7 12 8 28 30 34 11 47 35
20 39 22 44 14 15 13 17 43
14 25 44 16 3 2 37 49 43
12 8 0 41 14 10 42 1 4
48 32 13 1 30 25 29 46 0 16 19 3 31 7 22 40 16 45 14 1 26 30 5 27 44 24 5 45 4 48 40 11 28 47 44 6 14 1 10 17 30 36 18 34
0 45 27 11 34 45 36 34 21 36 28 9 16 2 42 25 3 44 44 0 18 6 39 24 29
17 43 16 12 22 47 13 7 38 17 46 22 34 29 38 32 32 3 4 30 13 34 29 16 4 48 48 32 38 25 8 25 27 28 19 43 43 49 22 45 46 26 25 11 36 6 32 8 9 4 34
41 10 4 41 34 48 29 36
13 44 10 35 27 22 19 37 13 24 10 11 24 21 22 45 46 7 22
4 23 43 25 21 9 12 25 0 20
28 7 40 18 29 13 8 9 45 0 20 31 21 1 31 36 16 2 10 1 25 6 47 37 44 7 6 47 6 37 17 15 4 41 23 15
40 43 45 46 8 21 0 11 15 41 34 11 26 19 10 44 4 44 31 5 25 27 37 16 16 19 48 40 0 10 18 4 25 3 31 10 16 8 18 39 3
5 47 6 10 40 10 3 21 39 22 31 16 46 16 45 47 44 5 28 20 16 26 37 8 17 17 47 47 44 10 40 6 43 0 23 27 12 13 8 10 21 22 33 25 44 39 9 17 49 18
2 7 48 43
12 7 31 44 16 46 10 4 20 31 10 48 0 15 7 12 13 25 3 15 10 3 48 18 12 24 44 14 1 26 31 7 40 10 7 20 13 40 15 47 44 16 47 18 12 12 12 22 42 24 36 20 31
47 13 27 5 15 34 29 16 47 9 13 8 37 30 5 36 46 10 48 25 4 44 4 8 25 16 19 43 26 35 11 38 20
47 9 15 39 24 14 35 38 17 2 33 49 37 11 43 40 9 8 20 41 14
32 22 3 23 20
48 41 45 9 10 42 16 3 43 18 46 46 17 39 40 10 18 19 10 41 28 46 2 41 42 12 30 4 35 46 30 44 23 15 37 42 27 6 8 27 2 43 47 28 40 16 32 3 28 37 9 29 38 20 20 45 49 29 13 7
10 40 32 43 9 15
18 12 36 48 31 21 2 35 45 36 37 34 24 9 30 5 28 29 20
25 44 27 35 44 30 25 16 2 4 49 42 24 28 7 47 22 42 40 6 9 8 16 39 13 3 0 28 24 5 14 23 39 11 15 10 40 11 28 44 45 36
1 11 17 14 1 7 5 17 5 16 28 0 32 37 6 14 23 24 32 4 20 17 5 4 48 11 28 36 48 40 29 47 13 12 5 40 7 12 8 49 20
6 5 49 17 30 2 33
16 3 0 2 33 49 37 30 32 13 44 27 30 17 42 43 45 40 6 42 19 16 18 27 32 32 4 44 23 47 47 25 23 29 39 21 22 19 3 3 28 22 47 41 42 28 40 43 0 43 12 12 5 2 19 46 16 42 19 32 37 17 36 26 7 0 43 14
0 31 13 7 19 42 25 27 6 45 30 5 47 39 21 24 36 44 6 17 43 33 1 29 6 2 35 26 39 46 26 20 31 36 32 13 3 20 21 0 11 17 45 32 36 5 21 1 42 28 30 16 3 11 17 30 46
16 42 13 9 11 11 0 43 44 7 11 34 44 14 13 11 28 41 49 5 4 8 21 0 0 45 0 2 16 7 20 45 43 49 32 4 23 14 1 30 34 31 22
28 11 0 28 25 4 35 15
4 48 25 16 18 25 6 9 45
39 43 19 43 25 0 23 47 33 23 2 43
27 1 48 43 18 25 17 45 18 1 30 34 16 4 44 15 12 23 23 44 37 18 27 41 28 11 38 48 38 9 27 48 18 46 8 42 22 34 11 24 27 12 13 30 32 12 36 27 40 7 2 38 48 46 22 1 22 3 17 44 23 10 36 27 1
20 46 5 9 11 40 13 22 19 32 42 27 1 4
17 18
37 13 23 45 47 2 40 32 25 13 1 42 24 8 43 19 37 32 35 27 6 21 33 2 32 36 43 29 46 42 31 28 8 5 17 43 28 42 24 8 35 33 49 32 12 7 1 18 29 6 43 26 8 0 47
47 49 16 46 10 48 41 2 26
11 41 17 47 6 8 20 45 27 7 20 14 46 42 31 45 46 30 16 19 15 4 8 9 4 25 23 43 22 10 11 20 30 4 25 11 20
45 14 28 29 43 22 11 26 20 35 48
22 36 41 13 49 37 42 27 38 37 0 14 18 26 13 12 25 21 39 46 2 32 44 44 0 2 37 12 27 0 41 42 22 31 17 31 19 41 18 12 12 7 0 11 15 2 32 22 32 8 5 23 44 18 14 1 31 6 27 48 46
48 46 2 42 26 7 1 5 12 39 28 21 23 26 16 28 47 20
21 12 8 36 49 37 9 29 39 42 25 11 28 42 26 9 4 20 35 32 42 40 0 15 12 33
1 25 23 43 18
33 6 43
20 39 0 23 5 23 36 41 25 40 7 22 8 9 27 18 0 31 17 10 12 8 49 15 7 48 10 23 33 30 38 9 10 42 27 1 5 16 46 17 36
13 5 4 38 15 15 35 15
3 48 49 16 12 0 18 5 40 32 46 5 40 15 9 15 38 17 47 12 25 39 32 26 37 11 45 21 10 36 27 9 16 26 13 1 26 16 32 22 36
20 35 46 17 49 40 23 21 2 10 11 4 3 41 28 14 37 48 37 34 32 45 0 16 42 25 17 13 5 39 44 30 43 40 6 32 35 6 14 47 33 4 49 30 5 25 8 1
22 0 39 6 9 34 0 27 28 25 17 45 49 18 16 7 2 32 7 45
13 46 1
12 7 0 11 24 14 20
9 12 24
33 10 29 22 42 21 45 0 23 2 39 41 1 7 19 32 7 19 32 22
15 37 18 29 42 31 45 47 44 9 18
20 14 10 14 38 35 16 46 15 15 20 46 7
5 31 12 25 1 45 49 9 17 43 29 46 46 11 17 31 21 41 25 21 9 11 28 30 47
26 8 16 3 0 45 10 12 24 16 38 37 11 0 23 39 16 32 38 20 13 44 14 3 18 19 15 9 46
46 46 10 16 26 25 3 41 25 44 31 34 12 27 30 47 33 28 22 47 32 7 0 40 33 34 33 2 16 41 25 39 42 28 21 23 41 14 25 30 38 27 32 48 40 39 22 16 19 17 18 29
8 17 43 19 26 10 7 1 25 37 48 41 25 17 16 3 47 35 26 39 32 37 0 14 10 23 2 32 43 12 13 27 7 11 26 35 2 37 48 40 32 8 25 21 43 47 18 15 27 44 1
10 7 48 27 0 27 2 41 37 9 4 8 27 6 5 31 28 0 43 25 11 34 47 6 45 10 7 44 37 36 43 29 40 29 1 30 15 21 39 23 12 27 40 43 1 37 6 20 33 32 29 38 38 43 19 29 42 26 28 36 44 4
9 17 13 7 19 18 26 31 44 30 15 5 14
10 7 45 14 17 27 5 12 7 44 9 37 12 25 6 28 42 1 30 5 2 41 5 2 23 26 2 7 48 17 15 16 3 17 46
23 21 13 49 16 32 32 38 16 3 28 14
26 9 12 39 40 0 0 45
25 3 16 4 44 1 37 16 19 1 48 0 29 40 11 26
6 6 42 21 24 19 3 19 3 0 0 16 8 0 32 46 1 45 25 13 24 8 2 10 29 20
27 32 43 40 31 22 20 48 1 22 20 45 10 48 17 49 37 44 10 7 38 32 10 48 15 34 24 32 43 24 32 20 33 2 39 23 29 42 28 21 14 37 9 16 2 42 26 40 18 14 17 4 2 32 45 10 23 10 3 16 18 13 47 24
49 42 28 17 14 24 47 49 20 46 30 47 12 32 43 49 21 1 12 7 44 45 21 22
6 27 25 21 20 39 5 27 23 33 9 4 38 23 21 0 31 15 41 8 35 29 21 23 45 47
40 13 18 1 5 39 25 0 10 11 45 9 8 46 24 14 12 0 10 41 45 10 44 39 42 15 27 22 0 13 28 46 16 35 49 25 27 37 8 27 25 44 30 2 3 0 2 21 13 27 18 19 17 10 8 23 24 10 42 12 36
7 11 28 19 3 16 6 8 0 16 38 42 21 40 6 8 31 21 40 33 15 1 29
2 10 7 19 26 5 23 25 27 37 40 15 5 12 7 1 1 49 22 34 31 11 11 15 31 11 20
14 49 22 19 44 6 35 23 2 32 38 17 28 14 20 29 33 43 19 16 39 4 48 49 41 45 40 29 31 15 16 46 41 14 48 32 13 30 19 26 39 41 28 36 8 25 6 47 35 15
12 5 17 15 31 43 21 24 15 15 4 8 31 24 22 34 45 22 42 15 2 46 11 10 26 2 39 16 2 4 10 42 34 26 20 16 45 18 1 25 16 19 43 1 18
19 32 3 21 45 0 41 12 7 20 48 21 24 15 27 23 24 31 19 43 1 1 1 4 3 15 18 34 32 44 10 16 38 30 15 47 44 45 39 25 30 18 44 15 21 40 16 35 40 29 46 0 19 39 12 8 23 32 48 11 24 8 16 30 43
30 18 25 30 32 48 30 46 1 18 15 15 12 8 17 42 26 33 25 21 43 16 32 43 22 36 6 44 16 16 16 12 22 31
19 49 11 26 2 21 7 11 4 42 1 42 15 20 41 12 7 1 38 25 42 27 40 31 38 11 43 19 1 25 29 42 13 46 41 12 17 30 28 21 39 9 17 14 4 46 8 42 34 46
18 6 32 29 43 10 8 37 40 13 44 27 41 14 3 31 27 32 13 8 45 35 32 45 0 40 23 24
32 48
9 5 15
13 9 26 5 36 15 31 38 17 16 19 17 27 9 26 15 2 41 23 10 36
7 9 30 46 11 20 35 41 33 25 1
2 42 21 29 38 23 39 6 33 7 20
34 1 37 34 45 22 15 2 4 10 11 45 30 35 43 21 0 19 41 16 39 28 24 21 4 2 41 7 19 42 9 26 17 19 26 28 25 29 20 33 25 42 15 27 9 39 45 35 34 44 4 27 9 25 40 28 40 31
17 15 30 15 5 40 32 32 46 0 30 32 7 44 5 23 42 21 13 45 8
12 7 38 38 35 39 21 0 20 48 1 26 9 10 8
4 42 40 0 10 41 18
15 41 34 21 42 28 11 26 24 9 29 43 49 42 16 39 40 9 29 36 45 8 43 40 9 18 26 28 21 13 20 31 43 9 10 14 38 8 26 7 19 43 14 35 11 36 20 48 44 31 28 14
18 34 49 48 37 42 34 33 2 19 41 1 38 27 2 41 49 25 17 10 12 24 32 8 31 24 42 24 28 24 9 8
14 45 49 42 31 10 21 20 41 34 12 7 9 26 39 12 17 43 14 26 25 1 27 12 7 9 4 34 21 39 21 9 8 42 28 3 18 1 5 17 15 5 45 40 15
15 12 8 1 7 0 32 25 17 28 11 17 47 33 25 8 45 22 6 6 47 41 17 2 33 7 1 25 16 45 0 14 18 22 33 9 8 24 19 3 47
25 17 13 7 6 2 10 41 2 23 10 41 28 8 9 39 6 14 4 17 10 44 44 15 39 17 30 3 4
34 44 16 42 31 11 17 13 1 45 24 31 29 32 3 15 35 41 1
0 32 20 31 2 10 12 8 49 9 8 46 24 5 9 17 30 25 0 10 21 2 32 43 44 45 30 32 25 44 23 13 27 2 10 42 40 10 15
43 18 15 31 27 35 36 2 37 13 8 18 6 17 45 14 4 27 35 0 41 1 12 39 13 1 5 45 0 11 40 30 25 30 4 38 15 42 1 22
39 12 27 28 40 33 28 37 23 32 12 22 10 26 37 0 27 40 16 46 2 43
17 16 0 19 1 48 37 31 8 17 10 41 49 11 38 25 42 1 48 6 33 43 16 4 28 3 23 29 13 11 16 26 37 18 0 26 10 14 28 34 36 41 14 49 6 20 40 21 39 4 38 48 0 47
10 40 10 0 32 35 46 0 26
38 34 1
21 2 42 43
30 5 21 23 39 9 13 17 16 47 35 39 16 38 38 35 40 31 16 16 3 15 40 33 34
27 18 27 1 12 22 16 0 13 13 23 41 25 27 23 23 14 24 44 9 30 46 1 31 14 37 36 11 34 49 5 3 23 13 20 31
33 43
31 15 33 12 1 4 2 2 19 37 7 16 12 13 8 9 27 44 15 38 11 43 47 22 3 18 0 45 47 5 31 7 9 45 30 35 0 20
32 7 11 34 34 40 7 22 40 32 35 36 6 29 47 22
15 12 13 22 45 21 13 12 36 36 41 25 4 3 21 2 21 4 10 14 45 24 8 26 6 3 44 1 38 48 34 31 11 16 35 48 41 16 8 41 7 25 8 46 1 45 36 8 21 41 7 11 28 42 24 5 27 18 31 9 18 21 14 46 22 36 42 31 15
44 37 7 12 7 46 7 26 35 48 32 21 12 7 0 14 15 40 29 0 32 45 40 32 46 2
34 45 14 10 16 30 2 38 47 39 45 21 12 5 14 46 24 15
21 40 11 43 43 43 21 45 49 29 39 0 23 25 9 15 31 9 34 33 41 45 36 49 11 17 19 1 18 25 42 31 19 15 16 7 22
34 12 8 36 1
11 0 43 19 32 44 16 4 44 23 27 46 42 26 2 16 30 2 38 47 12 39 44 46 42 21 14 9 5 8 22 47 18 46 30 35 2 32 32 44 24 21 1 5 15 30 34 26 22 16 42 16 26 16 26 10 44 37 16 35 13 25 27 12 27 18 4
10 3 17 19 18 22 40 43 47 41 45 4 2 37 40 7 0 31 29 46 15 17 27 23 1 1 42 34 11 43 49 48 11 20 17 45 47 32 7 26 28 41 25 23 2 39 4 8 41 28 7 1 7
42 21 39 21 39 12 17 19 48 21 1 27 38 37 11 15 39 17 43 29 36 1 26 2 7
23 41 23 38 20 39 22 16 0 30 13 44 23 44 23 15 13 13 22 16 45 22 34 47 37 1 7 12 23 38 44 46 15 21 36 49 18 14 3 19 32 46 16 39 46 46 21 41 45 18 16 2 16 4
29 6 24 9 11 17 14 46 30 36 5 15 13 13 49 48 41 42 28 7 48 37 11 16 8 45 39 40 15 15 35 23 43 25 40 11 48 26 37 31 33 41 8 27 23 5 12 13 5 41 2 4
18 0 47 39 43 25 30 44 4 30 34 32 32 26 2 43 22 44 7 1 5 17 27 37 9 11 38 8 17 45 21 43 45 46 0 43 40 9 12 32 37 16 0 10 41 17 5 4 27 20 16 16 3 21 22 15 41 8 17 42 15
5 27 2 21 20 40 32 36 37 46 34 23 38 8 10 41 34 28 19 1 4
26 25 23 36 46 14 26 25 17 16 2 35 38 48 38 30 5 9 11 26 9 37 0 40 15 7 6 35 46 8 5 47 45 0 18 5 15 13 8 6 5 36 46 30 35
49 41 12 23 20 30 32 20 39 23 43 28 19 32 7 19 17 15 41 16 47 35 43
35 45 47 10 40 11 0 15 37 46
22 22 8 35 39 41 42 21 42 24 10 35 41 2 33 12 25 37 0 18 22 1 42 19 41 34 48 44 14 48 15 37 16 47 5 39 4 41 1 22 45 49 4 41 1 45 9 46 22 45 10 46 22 31
12 5 36 5 3 0 43 45 21 13 23 45 14 1 25 4 10 42 31 15 10 35 33 6 37 34 31 27 32 37 40 10 14 17 30 16 47 32 43 25 30 44 24 29 5 9 45 46 14 39 3 0 2 39 43 14 23 47
49 40 39 40 16 16 26 16 6 34 15 21 27 2 2 40 6 8 18 13 22 20 14 48 27 32 22 36 32 46 41 28 37 46 46 17 4 34 30 43 26 24 19 16 19 39 0 43 40 23 45 35 48 38 43 10 18 44 6 8 7 1 7 26 28 2 38 34 47
35 2 41 15 37 42 9 10 45 35 16 38 15
33 25 30 30 5 17 15 37 44 39 41 42 21 2 43 40 43 14 35
37 49 18 22 33 28 8 23 26 39 41 17 19 48 26 40 29 33 25 8 0 29 22 40 6 47 41 18 21 4 17 28 26 2 46
12 36 11 4 10 12 12 32 10 15 27 44 14 23 23 25 44 45 24 15 41 5 2 32 48 18 34 31
37 12 33 49 1 4 41 12 0 43 14 39 6 8 28 7
35 16 42 9 16 42 15 5 25 40 28 11 48 38 16 45 18 15 9 24 19 32 42 43 18 27 46 46 42 34 30 30 46 15 4 44 18 13 45 39 5 40 21 14 40 31 5 12 7 26 2
4 17 18 1 29 33
3 32 7 38 38 38 47 24 5 15 9 15 17 28 46 11 45
21 11 34 1 1 27 2 4 20 13 40 29 5 3 11 28 8 9 37 48 40 29 25 17 47 12 17 19 46 0 29 25 42 19 43 24 21 1
17 43 44 27 23 33 41 13 30 34 23 12 36 42 27 40 39 22 6 45 9 13 45 25 13 25 23 1 1 25 0 20 21 13 5 8 24 22 45 46 34 11 47 25 40 23 45 0 19 17 16 0 41 12 22 22 44 4 41 14 33 28 19 37 49 28 8
15 39 6 24 27 12 36 16 4 46 2 2 34 12 39 43 10 21 22 20 21 43
17 47 49 5 8 17 2 3 17 14 1 1 27 5 8 49 36 48 21 1 22 44 15 41 34 29 0 40 15 34 33 46 41 12 36 18 1 1 38 9 4 28 22 44 37 12 12 3 28 40 31 10 4 35 29 0 37 7 48 7 0 40 16 19 46 0 15 31
32 25 4 27 48 21 43 33 28 44 6 10 7 45
25 27 7 20 35 41 14 23 12 36 14 4 29 5 39 6 21 9 17 15 12 32 43 21 13 3 43 47 1 25 23 41 25 44 5 13 24 9 5 9 45 8 1 1 22 11 24 42 27 20 45 43 25 40 10 4 2 10 12 33 12 23 36
7 25 30 2
33 30 36 46 2 43 40 32 35 43 19 46 1 5 4 46
12 36 28 47 18 25 42 22 22 47 41 23 38 11 38 23 23 39 17 10 44 23 26 19 42 15 21 14 40 23 41 37 34 0 47 25 8 43 19 15
8 43
13 11 28 2 2 29 6 17 19 18 1 26 10 14 38 42 31 38 43 43 40 15 10 29 46 2 21 39 3 2 9 8 0 47 34 15
18 46 34 34 12 8
40 11 41 2 16 19 1 49 43
8 2 21 45 22
33 30 2 43 14 38 32 43 21 36 21 39 43 33 25 39 46 1 9 17 45 36 44 31 2 37 16 0 45 49 35 49 29 47 45 8 2 3 15
4 42 22 0 47 9 13 7 2 38 43 0 31 45 46 2 3
25 27 32 20 40 23 1 11 26 40 15 17 27 1 10 41 16 6 34 1 10 48 21 4 17 43 49 37 9 27 23 15 16 35 23 10 0 29
34 34 29 31 8 5 36 2 43 10 14 28 9 24 13 47 49 6 14
37 21 12 12 17 45 25 0 47 20 33 21 23 21 11 45 36 21 41 12 39 24 10 29 6 8 22 11 40 39 0 43 47 25 42 34
16 19 18 5 40 6 5 12 13 25 13 45 9 8 5 3 47 6 42 1 25 11 20
17 27 7 25 23 43 16 32 13 13 11 0 0 16 2 21 24 8 22 10 42 24 47 32 3 3 19 29 13 46 10 15 13 1 5 2
2 33 10 40 16 32 42 12 17 13 40 39 21 14 13 24 5 17 14 46 17 18 5 16 6 6 43 10 0 10 3 31 12 1 5 36 43 28 40 43 0 32 42 26 28 40 10 36 43 33 28 47 18 4 42 31 14 39 45 0 31
44 4 29 1 12 8 6 42 34 36 14 37 9 4 48 25 40 29 27 48 49 40 23 43 19 29 36 5 9 10 40 31 15 2
45 46 1 12 39 11 20 21 43 33 6 42 31 41 42 25 42 22 7 0 30 46 1
17 30 30 18 5 31 38 11 16 8 26 8 20 29 5 49 16 45 0 41 13 17 28 40 16 19 3 18 34 23 25 9 34 24 5 13 46 24 42 9 4 8 1
18 15 17 10 21 13 47 35
26 33 7 6 37 42 34 47 44 14 9 11 34 44 27 6 6 3 23 12 17 27 38 35 39 0 45
32 29 5 17 13 46 10 36 49 36 37 18 19 17 43 24 29 22 42 13 7 0 40 7 20 17 14 33 10 36 26 2 2 37 18 29 13 8 17 42 31 15 21 2 7 40 15
12 23 10 26 9 24 48 31 33
29 40 18 18 6 44 6 9 16 0 45 35 16 19 49 37 6 42 40 29 40 29 47 47 22 42 25 40 31 5 42 34 0 10 44 4
31 21 1 45 43 10 3
39 25 4 49 42 25 13 13 17 17 16 19 43 29 1 5 27 34 44 14 12 25 1 27 46 8 24 28 40 30 18 15
33 49 43 49 1 10 29 22 47 25 29 46 14 37 32 37 12 39 45 49 20
47 39 25 4 5 27 1 9 30 38 22 20 17 36 29 5 42 22 3 16 0 47 12 7
42 25 6 9 13 7 20
8 10 45 24 21 10 44 14 33 7 20 41 8 9 4 35 23 29 1 29 20 29 38 35 40 11 43 26 46 24 14 41 45 22 19 29 5 12 7 48
