7 15 5 18 1 19 4 17 15 19 4 8 23 8 24 10 10 9 23 22 17
14 12 0 11 10 9
8 24 18 21
0 16 17 21 19 11 7 18 4 17 16 9 5 9 12 15 20 5 11 14 7 21 9 19 17 9 20 1 1 13 20 8 19 10 23 4 17 9 8 23 3 21 9
18 21 6 14 5 23 22 5 1 13 2 3 18 18 16 19 24 18 7 3 2 0 13 21 12 8 21 15 12 8
13 11
2 8 4 17 11 0 2 9 14 19 4 2
22 15 18 8 16 15 23 17 22 6 1 1 21 5 7
3 23 22 6
14 11 0 15 20 19 4 0 23 14 2 9 19 19 11 22 9 19 11 17 21
9 14 13 0 19 4 19 2 21 8 4 19 2 8 24 21 9 23 17 7 14 20 19 24 5 5 4 8 4 24 12 21
4 8 6 20 13 20 8
6 17
7 14 20 16 17 21 8 4 5
17 9 20
8 3 10 23 4 2 6 20
12 11 17 16 12 15 5 18 7 18 1 1 0 16 13 1 0 15
1 0 19 16 8 4 14 13 24 12 21 8 6 13 11 18 3 3 22 0 7 19 11 5 13 19 16 16 19 2
13 2 9 19 17 2 8 6 14 4 2 9 24 20 16 1 19 10 23 3 0 11 22 15 23 8 4 2 24 24 1 11 9 23 21 19 23 10 18 1 4 14 7
13 3 3 0 3 23 17 2 6 12 18 17 16 19 16 12 21 9 16 9 20 4 7 14 18
2 3 21 9 16 12 4 2 4 0 18 3 2 24 10 3 15 18 7 9 24 10 23 8 24 24 5 5 11 9 23 11 22 17 3 10 12 15 11 8 1 1 2 21 6 12 24 18 1 0 19 23 8 21 8 4 8 19 16 18 7 18 2
11 0 18 2 21 15 5 5 13 10 8 6 12 23 22 15 17 21 19 2 3 0 7 24 20 4 19 24 18 15 19 4 24 0 10 12 15 11 0 16 9 20 8 3 23 14 20 11 17 7 19 11 11 0 11 0 7 15 7
14 19 24 12 22 5 4 2 0 0 18 16 15 12 24 10 12 21 9 18 8 3 21 0 7 18
5 1 3 0 20 1 21 5 4 8 23 10 22 5 11 18 20 7 19 20 11 7 24 21 8 19 16 16 15 7
6 14 9 11 9 24 1 21
21 9 23 10 3 4 24 0 16 23 10 8 4 7 3 4 8 13 13 20 5
10 23 11 9 12 4 7 2 0 7 18 3 11 14 13 20 11 16 16 12 3 18 3 15 23 14 5 13 21 5 13 0 15 24 1 4 24 5 15 17 5 18 8 23 11 18 7 24 20 7 3 0 14 5 15 7 9 4 14 12 23 22 4 14 20
16 1 0 14 11 5 4 14 12 21 6
9 11 11 9 24 24 10 18 7 9 19 2 9
3 22 23 8 24 5 9 16 10 23 21 10 11 14 2 3 22 4 7 3 23 3 0 0 11 0 0 23 1 14 15 19 16 23 8 4 21 9 19 11 17 5 13 24 12 8 19 11 23 21 11 8 6 12 3 2 24 24 13 13
21 15 11 23 6 17 15 14 7 9 19 23 8 4 1 19 24 5 11 10 12 11 8 23 6 12 15 12 4 8 19 17 21 5 11 23 11
12 2 24 0 11 0 7 15 14 19 19 17 8 16 12 21 12 23 14 11 5 13 10 18 4 19 2 4 1 6 8 19 2 9 0 18 1 11 7 3 4 7 2 4 17 3 18 3 15 13
13 0 18 1 13 20
9 4 14 4 1 21 11
17 3 18 6
0 20 16 19 19 10 23 1 3 15 23 21 4 19 11 18 20 6 17
23 8 3 15 7 19 16 8 24 21 15 18 6 15 23 10 3 0 16 23 3 2 17 12 23 8 16 9 19 20 2 10 7 19 23 8 24 15 7 3 22 17 9 12 14 13
3 3 4 2 4 24 20 5 11 23 19 10 9 4 5 23 1 19 20 1 11 9 18 20 19 23 22
0 11 16 13 4 7
23 10 11 0 0 14 19 24 1 1 1 5 12 21 0 15 12 8 4 1 5 23 17 16 2 8 19 10 7 3 10 22 4 7
10 16 20 13 0 16 16 13 21 10 23 10 11 0 20 19 24 13 11 23 22 17 15 5
15 23 10 22 5 22
8 16 16 10 23 3 4 14 2 0 23 14 15 15 17 1 17 12 3 0 3 4 24 21 10 16 12 3 21 5 14 7 19 20 6 1 6 17 21 10 20 19 23 8 16 16 23 19 20 2 4 8 3 18 16 15 18 2
11 9 11 16 14 5 14 4 21 4 0 2 24 20 1 3 0 16 16 23 14 13 3 4 8 1 2 8 6 15 5
4 19 19 17 3 22
19 23 19 2
1 1 2 0 3 18 15 13 20 2 9 8 21 12 24 1 2
8 6 15 19 23 4 21 6 15 19 16 8 24 0 10 22 5 14 20 1 13 2 0 15 18 7 2 11 11 5
22 0 10 22 13 12 23 11 10 23 1 13 20 8 3 10 16 18 6 8 3 18 17
21 5 9 11 9 20 13 15 14 12 15 5 13 13 1 17 15 14 24 5 10 16 13 5 5 11 11
18 15 23 4 0 13 5 23 17
4 24 5 14 9 20
2 11 16 2 9 12 11 16 8 23 17 15 12 21 15 17 5 7 15 19 2 24 18 9
12 18 8 3 22 9 0 7 3 0 18 15 12 0 18 4 17
9 20 16 18 7 3 18 15 17 12 2 10 20 2 17 9 4 2 9 14 15 20 8 21 15 13 19 17
19 2 9 4 0 19 2 10 3 18 1 4 19 16 2 4 5 10 10 8 23 4 0 15 18 2 24 15 15 13 13 1 15 24 0 15 24 20
6 12 8 23 19 17 2 8 23 10 23 10 23 10 11 9 0 18 9 18 8 13 24 15 12 8 21 19 11 14 11 18 6 15 7 14 13
11 8 24 10 20 19 16 17 21 8 21 19 17 1 14 24 11 7 12 22 4 0 3 4 1 1 14 9 12 15 17 12 3 15 12 15
5 11 7 2
19 2 6 1 17 12 2 8 23 14 15
4 5 7 9 8 13 3 10 12 21 5 5 9 23 3 18 4 5 23 4 8 1 19 2 10 8 19 24 10 20 2 8 3 22 23 17 22 15 24 12 2 24 10 11 14 2 10 23 8 16 8 6 12 8 16 23 3 3 0 2 24 21 19 11 11 11 7
22 17 21 8 13 13 21 6 9 23 4 0 23 14 7
21 0 11 23 3 3 15 17 22 15 14 5 5
1 11 17 15
19 20 5 9 11 22 4 1 19 17 22 0 2 21 8 23 3 0 10 18 15
8 13 2 4 19 24 12 23 17 1 11 11 9 20 6 20 11 16 1 19 16 18 16 15 23 3 10 12 0 15 15 7 9 23 21 15 19 16 20 19 23 10 3 15 5 7 19 24 21 4 19 2 6 18
23 10 10 12 15 5
18 2 3 0 11 18 7 14 9 14 5 6 18 21 8 6
1 17 21 11 22 15 18 1 0 15 11 0 3 0 11 0 23 19 16 17
20 6 23 8 4 14 18 20 19 2 24 21 8 13 5 6 14 12 18 7 15 18 1 21 0 0 10 3 3 3 3 4 5 9 11 22
15 23 17 1 15 19 17 7 24 13 1 15 14 11 8
9 18 2 9 19 19 19 16 12 18 3 11 0 14 18 7 15 11 7 19 16 16 1 11 17 5 4 24 20 4 0 16 13 20 16 19 4 1 6 13 4 0 19 24 13 7 21 19 17 15 11 23 22 6 15 13 21 12 2 17 1 21
9 4 0 16 8
16 20 5 22 17 12 11 22 9 24 0 7
17 22 0 3 4 14 9 14 5
11 7 18 18 4 8 4 21 6 1 4 1 6
21 9 20 1 2 3 23 6
9 20 19 4 17
12 3 18 3 10 16 20 6 0 3 0 11 5 10 8 3 0 3 11 11 0 18
11 17 8 13 5 12 23 21 8 21 11 11 5 12 15 12 23 15 7 2 21 9 5 13 11 8 16 20 7 9 11 9 11 16 19 16 1 11
10 16 1 19 23 19 20 5 5 7 2 3 0 3 21 11 0 7 12 8 3 15 23 15 23 8 19 20 16 12 21 9 14 9 12 15 20 8 3 0 3 21 15 14 24 11
18 16 23 3 11 16 9 5 9 11 16 1 13 20 19 19 11 5 5 11 16 12 24 24 11 0 14 13
9 23 22 23 19 20 16 9 12 24 15 5 4 19 10 22 5 13 2 9 20 8 19 24 12 23 21 15 19 20 6 1 2 10 8 6 14 9 8
2 0 14 24 13 20 2 0 7 21 5 9
15 15 19 16 8 19 11 18 8
4 14 7 21 9 14 4 14 19 11 7 18 1 13 21 5 5 18 6 15
16 17 21 0 11 0 19 23 22 4 14 15 14 7 2 4 5 22 0 13 24 0 16 1 2 3 18 21
9 11 0 20 19 20 1 19 16 12 2
14 15 5 9 11 5 23 11 16 2 17 2 8 3 0 14 13 1 15 13 3 10 22 15
21 8 4 1 11 11 0 7 3 2 6 14 24 15 23 21 15 13 20 16 18 1 17 21 12 21 4 21 4 8 24 0 7 3 2 24 18 4 19 17
10 8 3 21 6 12 22 23 3 0 0 16 1 17
11 18 2 21 8 4 1 6 18 2
18 4 1 19 20 11 18 8
6 15 24 0 18 7 15 7 2 0 14 5 14 12 14 2 24 18
8 23 1 13 11 7 21 12 8 23 6 18 4 8 24 20 4 7 9 14 13 24 0 19 19 16 19 19 20 11 16 15 5 10 8 23 6 16 15 13 2 0 13 10 23 10 16 19 16 12 15
10 23 1 19 17 8 4 0 18 15 20 1 5 15 15 23 10 11 0 2 0 3 15 24 1 15 11 5
15 7 15 17 8 24 5 14 5 7 19 16 9 11 7 2 4 0 0 15 17 11 22 0 3 15 5 11 7 15 14 2 8 16 15 23 15 15 23 14 11 7
23 15 23 8 16 16 20 19 24 12 14 13 3 21 19 20 2 21 4 2 24 11 8 3 10 8 4 19 20 11 11 5 15 20 16 1 2 11 8 1 17 11 16 23 8
24 24 5 13 24 11 11 8 4 0 3 18 16 20 2 3 15 5 13 15 20 5 23 10 16 8 3 15 5 4 1 2 3 4 17 21 10 9 11 9 11 22 17
18 18 8 24 12 3 22
0 14 11 22 5 12 23 17 21 4 8 4 19 4 8 19 16 17 11 23 21
1 2 6 14 20 6 12 23 3 4 8 4 17
14 4 8 3 15 7 15 15 23 17 2 17 8 24 12 15 15 14 18 9 23 15 17 9 24 10 12 2 21 10 23 14 12 3 2 11 7 15 12 21
16 2 4 14 12 24 11 23 17 8 13 11 23 14 19 20 11 8 3 23 11 9 20 2 3 2 17 11 0 20 1 13 3 18
8 3 15 19 11 0 14 20 19 20 6 13 10 8 3 10 23 1 13 2 0 0 14 24 15 11
7 15 17
12 3 21 19 11 8 23 11
8 24 5 4 7 12 0 0 2 4 24 12 22 4 0 10 16 19 10 11 18 20 5
2 6 20
10 12 8 13 13 11 0 20 4 0 23 14 13 4 21 4 24 10 12 24 20 7
19 23 17 1 15
12 2 3 22 13 13 10 7 18 8
13 1 11 9 14 20
15 14 5 4 21 8 19 10 7 9 24 10 23 21 10 18 2 3 18 3 0 3 18 21 5 9 18 3 21 5
14 15 7 12 24 0 2 24 15 7 19 4 0 10 23 8 6 15 20 8 4 17 15 17 15 11 14 5 7 3 23 8 13 20 16 10 18 3 2 6 23 6 12 2 21 5 23 22 4 8 23 1 13 10 7 9 11 8 4 2 8 4 14 7 24 18
10 4 2 0 13 15 23 4 0 23 22 4 2 17 8 6 12 4 2 11 9 18 17 11 8 19 2 11 16 9 18 1 14 19 11 10 3 2
1 2 21 4 5 7 14 9 19 10 8 4 1 4 24 10 23 17 8 1 21 19 4 5 10 10 10 10 3 2 24 10 16 13 11 8 23 19 11 5
16 19 17 3 18 9 14 15 20 2 0 0 2 10 20 4 17 21 10 12 8 4 2 21 19 23 14 12 0 18 7 12 15 14 19 20 11 9 0 2 3 18 20 19 11 8 19 24 13 19 4 19 19 16 9 20 7 9 24 12 8
18 6 8 3 15 12 3 11 5 1 21 19 20 7 24 15 19 16 19 24 15 20 16 8 21 5 1 21 4 5 13 19 23 11 8 24 13 0 13 12 8 13 0 7 18 17 22 23 1 15 13 0 2 17 22
2 3 3 21 8 21 0 14 13 24 18 4 17
6 9 5 12 15 13 20 6 9
3 15 17 3 3 0 7 2 8 4 21
6 8 23 14 13 19 16 23 15 23 22
13 21 5 15 17 2
18 8 6 1 2 4 5 13 21 0 7 19 11
16 9 5 23 14 7 24 5 23 14 15 18 21 8 6 9 18 7 15 14 18 3 2 17 21
1 4 17 22 15 5 10 7 9 24 13 3 3 18 2 6 17 7 24 0 7 21 11 9 23 21
18 6 8
23 4 0 3 10 12 3 10 12 15 19 16 17 22 5 14 15 13 10 22
14 15 18 8 23 17 1 13 15 11 14 4 1 6 8 6 15 20 2 6 17 22 4 0 13 19 11 23 17 9 11 0 10 23 10 22 9
24 20 6 15 13 4 14 9 24 15 12 14 11 17
23 11 16 13
3 18 6 20 1 19 23 17 2 4 2 17 8 4 7 18 18 18 21 10 11 14 19 17 1 21 19 23 3 0 23 17 21 15 12 11 16 20 6 12 23 17 7
22 6 23 3 15 17 12 0 15 7 19 24 21 0 11 9 23 6 17
10 23 19 19 20 7 14 5 4 24 0 11 0 0 13 1 6 17 11 9 12 14 19 17 7 21 15 5 14 19 17 2 3 22 17 12 15 18 7 12 24 18 6 12 21 19 4 19 17 15
14 19 4 0 23 19 16 16 13 1 15 11 0 0 0 15 14 13 4 1 17 5 9 12 3 0 20 16 8 3 11 9 12 23 6
14 20 8 19 20 16 10 9 14 2 0 14 11 16 9 5
14 12 3 22 4 19 11 16 10 18 17 22
0 18 7 18 20 1 17 2 17 22
19 17 1 2 9 4 5 9 11 0 11 0 23 8 16 2 4 14 19 17 22 0 18 4 17 15 24 21 4 14 7 19 17 15 23 22 0 14 2 17 16 2 0 11 23 21 5 9 19 20
0 15 24 13 5 22 11 16 16 12 21 6 18 18 6 15 5 18 21 6 12 11 0 18 2 8 1 1 21 6 23 21 4 5 15 13 3 22 5 5
14 7 18 15 13 10 7 14 24 15 5 4 14 19 17 22 6 18
9 24 13 21 0 0 7 2 3 21 12 21 0 10 18 7 9 8 16 23 19 17 16 13 4 14 2 24 12 18 8 0 7
11 16 12 15 5 12 2 0 14 12 21 12 3 11 0 11 11 0 10 9 23 17 15 17 7 14 11 23 3 3 3 0 23 17 22 5 9 14 5 14 18 3 3 10 4 17
14 24 10 9
2 10 8 21 15 5 14 19 2 9 8 4 0 3 2 10 8 16 8 13 13 20 5 10 22 13 11 0 20 4 8 1 19 17 21 10 3 23 4 17 21 0 3 10 11 23 11 23 14 13 5 4 2 4 0 0 19 4 24 12 8 24 24 11 5
2 0 16 19 19 17 3 0 3 23 6 14 9 20 13 1 1 4 1 6 9 12 14 24 13 12 24 10 4 19 17 22 11 11 18
9 11 10 8 13 13 20 2 24 5 12 11 5 13 21 15 7 21 12 21 6 15
0 16 16 15 17 5 14 20 7 15 5 11 5 14 12 15 17 12 8 21 10 16 16 9 20 16 20 1 1 11 7
17 12 11 18 4 8 13 10 20
11 9 19 20 5 18 6 16 9 11 7 9 19 17 9 8 0 0 0 13 24 11 0 2 0 2 3 4 5 12 11 16 9 0 7 19 19 24 20 8 6 8 13 19 23 22 6 23 1 5 12 21 9 12 2 6 8 6
3 23 15 15 23 3 10 10 12 11
6 1 15 13 7 18 9 4 19 20 13 19 2 24 11 9 5 18 20 4 2 6 13 11
24 10 23 22
23 17 21 12 3 3 18 21 6 13 12 15 11 14 19 16 9 20 13
21 4 2 0 13 15 12 2 3 2 0 20 7 18
19 20 2 0 0 23 17 11 11 0 14 5 22 4 8 3 18 17 21 12 23 4 21 19 23 14 5 18 16 12 21 9 11 5 15
14 15 20 5 11 0 13 5 11 23 19 23 8 3 23 8 6
3 10 16 12 24 0 3 0 2 17 15
22 4 17 15 7 2 11 23 22 5 10 18 3 18 15 13 15 14 2 21 10 23 8 24 5 9
11 8 23 22 15 12 3 3 4 17 2 9 8 4 8 19 19 20 19 10 12 21 12 0 20 7 2
22 23 4 0 16 19 11 9 5 23 11 0 11 7 12 18 21 12 14 24 21 9 23 17 9 23 6 16 8 21 12 8 19 16 14 19 16 1 4 24 15
3 3 11 11 10 23 22 6 8 1 21 12 15 18 15 23 22 6 8 4 21 8 0 19 19 17 7 18 6 23 22 17 22 0 7 19 20
13 3 4 24 11 22 0 11
16 12 3 22 13 4 17 1 17 22 6 12 23 3 0 13 11 16 1 14 4 2 0 14 12 15 7 2 21 12 0 0 20 16 23 8 13
9 8 19 23 8 23 3 0 7 21 0 10 8 16 16 8 1 11 14 4 19 16 17 2 11 11 7 21
21 15 5
13 7 18 4 1 21
20 19 2 3 2 21 5 4 8 13 19 2 4 19 23 6 1 2 4 1 17 1 11 9 4 1 21 9 0 0 18 7 9 20 11 9 16 13 13 1 17 7 12 23 10 3 21 5
10 16 1 13 5 14 5 9 8 23 21 19 4 14 4 7 15 13 3 22 4 1 19 19 19 10 22 17 11 9 5 18 18 16 9 18 1 14 2 3 15 24 13 21 10 18 6 18
23 15 19 2 6 17 11 16 18 6 20 2 0 23 15 14 18 4 2
9 12 3 21 9 5 15 15 18 15 13 3 11 9 8 3 21 8 3 15 24 12 8 23 11 7 24 10 22 11 5 22 11 8 24 21 5 22 17 7 14 20
0 23 4 21 10 22 0 11 16 19 24 11 5 14 24 20 11
6 9 14 19 16 9 11
15 11 0 2 24 15 11 0 23 14 5 9 5 15 17 21 10 20 1 21 19 2
23 22 13 20 11 0 19 16 1 5 5 4 2 8 16 23 22 4 17 9 14 2 4 17 21
20 5 11 7 2 6 9 18 1 3 23 22 11 9 20 1 1 11 22 17
5 22 17 11 14 12 15 19 24 18 17 1 1 11 22 6 15
2 3 15 24 20 19 20 11 16 10 10 3 22 5 11 9 0 23 17 2 6 15 13 13 13 5 11 14 5 11 17 22 13 24 0 2 6
19 19 10 8 21 11
20 19 16 1 4 0 11 8 6 20 16 1 15 19 20 4 2 3 15 11 8 1 17 8 24 10 10 12 3 0 19 23 3 4 21 0 14 13 2 8 4 1 6 9 11 8 13 3 4 7 21 5 14 24 18 7
3 4 0 10 23 22 9 14 18
14 19 11 8
23 22 0 18 9
17 15 11 16 9 11 14 7 21 15 7 19 4 19 17
7 21 4 7 18 21 6 23 3 4 24 13 5 18 17
11 16 13
13 24 20 13 10 18 6 15 11 9 23 21 10 3 11 14 18 2 8 19 17 15 23 10 12 0 3 18 9 24 1 11 16 12 24 12 21 0 2 24 12 18 2 17 15 19 16 16 15 18
16 17 21 6 14 4 14 12 0 20
18 4 17 15 12 2 17 22
15 11 9 19 2 3 10 12 15 7 12 15 5 1 19 2 0 3 15 12 24 0 3 23 22 11 17 1 21
4 0 0 10 23 14 20 13 20 7 18 7 18 7 21 12 3 10 7 12 2
7 3 2 21 5 14 12 15 15 12 14 9 0 0 2 3 15 5 22
19 10 9
8 21 10 3 2 6 17 1 5 13 11 10 7 3 22
14 4 17 16 17 7 19 11 9 5 7 19 20 1 17
22 23 19 4 0 7 9 18 7 21
3 23 10 20 16 15 17 21 4 5 12 4 17 22
14 5 5 23 10 10 3 22 15 12 3 0 0 15 7 15 17 5 15 14 15
16 16 15 24 5 5 6 8 23 17 8 1 15 24 5 10 22 23 10 3 15 12 8 1 5 5 7 19 20 7 2 6 17 15 15 14 20 11 8 24 1 17 8 3 15 13 11 16 9 11 0 19 23 19 10 7 3 22
3 11 9 19 24 10 8 1 1 15 5 13 1 0 18 8 16 17 8 19 11 16 17 3 4 21
1 21 5 11 14 12 21 11 14 15 23 17 15 7 2 0 2 17
4 5 11 8 21 8 24 5
19 23 11
7 24 0 20 4 19 17 11 10 8 13 7 9 16 9 18 16 16 18 20 11 18 7 21
17 5 14 12 23 17 21 4 14 18 16 1 6 8 0 23 8 4 0 18 2 6 16 12 11 7 2 8 3 18
19 4 2 6 18 6 15 15 11 18 1 5
4 0 11 9 18 1 6 12 18 15 24 11 0 23 21 10 12 18 16 14 11 5 1 15 14 12 2 11 11 8 23 8 16 19 19 24 24 13 13 11 22 9 8 19 17
6 14 11 8 6 20
19 23 22 15 12 14 7 3 21 15 13 19 11 17
11 14 20
4 2
12 2 4 0 20 1 1 11 10 18 7
9 11 23 8 13 15 12 3 18 17 1 14 5 5 12 15 14 9 23 6 20 19 11 10 23 22 17 9 11 18 2 17 16 2 17 16 1 4 2 11
13 3 21 10 10 16 19 10 3 15 5 7 14 7 21
18 4 17 22 15 11 18 1 17 8 21
0 20 4 2 17 22 5 15 11 14 13 20 1 5 23 17 12 3 10 3 3 21 19 17 11 9 14 12 15 5 12 11 8 6 18 1 3 10 12 3 10 7
15 20 11 5 1 6 0 23 4 19 11 11 23 14 24 1 19 4 1 6 1 3 10 18 6 14 4 0 15 5 23 11 8 6 23 17 12 24 1 0 11 11 11 18 17 3 0 2 17 11 0 14 24 0 10 23 21 9 14 12 3 2 9 11
17 9 19 10 7 3 15 5 18 15 20 19 11 16 15 17 9 11 18 7 9 14 24 21 11 7 9 19 23 21 5 18 4 24 20 2 0 11 10 22 17 15 19 10 22 17 9 11 11 0 13 12 23 11 23 22 9 18 3 15
23 22 0 18
23 8 24 11 0 2 0 10 10 3 0 19 20 2 21 4 19 4 24 1 4 19 16 10 11 5 23 6 8 0 11 18 6 15 14 13
24 24 18 6 16 16 8 1 2 17 8 3 18 1 0 19 20 13 24 11 14 4 0 14 24 1 4 21 4 0 19 4 21 10 9 23 10 8 16 9 0 10 8 13 13 3 11 0 7 9 11 16 16 23 10 22 11 11
7 24 11 9 16 13 1 6 15 12 14 15 17 16 9 8 23 4 21 8 13 24 13 20
4 1 5
13 24 24 0 3 10 8 23 19 23 19 17
19 16 23 14 15 20 19 2 9 20 4 19 19 16 16 1 2 21 12 0 2 0 2 0 11 9
20 2 24 21 11 16 1 13 11 8 1 13 21 0 11 23 21 4 8 23 15 11 8 23 11 10 18 6
23 8 3 22 0 19 11 0 18 18 16 8 1 21 15 7 3 10 22 4 21 19 24 10 22 11 16 18 17 5 4 19 2 3 18 4 0 0 3 0 16 9 0 19 10 9
13 19 4 21 8 16 10 8 16 14 5 1 6 18 21 11 7 15 23 6 15 20 13 7 2 0 10 7 19 4 24 15 13 5 5 6 20 16 12 23 14 15 13 0 15 14 5 13 24 24 0 11
23 6 16 2 10 7
18 4 0 23 19 19 16 19 10 9 20 2 8 1 14 2 3 11 7 24 20 1 4 17 5 15 7 18 4 19 19 11
8 1 3 23 6 17 9 11 7 3 0 13 7 24 18 3 4 17 11 9 16 16 16 15 17 12 8 4 5 5
13 11 9 19 16 16 12 21 0 0 16 1 2 9 20 11 23 21
24 1 13 1 19 10 7 3 11 8 24 1 17 5 23 8 6 0 20 13 0 3 3 11 0 3 15 13 5
7 21 15
20 11 0 14 5 14 5 5
14 24 15 5 12 23 21 11 7 19 16 14 15 7 24 21 15 12 11 9 18 9
18 1 6 8 13 19 2 4 5 22 4 19 4 7 3 15 23 3 11 14 18 7 21 0 19 23 11 0 16 16 14 19 23 21 15 14 15 17 15 23 1 15 17 15
20 8 21 12 4 2
11 10 23 14 4 14 5
8 13 1 1 15 12 3 10 10 20 19 19 17 8 13 11 0 23 19 11 16 13 10 3 11 7 19 19 11 18
21 8 13 1 19 11 11 8 3 21
20 11 18 15 23 22 23 1 13 21 12 23 8 6 8 16 9
21 12 2 6 16 20 16 17 8 3 18 3 15 13
18 7 2 0 2 17 9 23 21 4 2 3 18 2 17 12 15 12 18 4 14 13 2 0 23 21 0 10 10 9 19 19 20
9 20 5 4 21 12 14 4 7 14 18 9 4 14 13 5 4 14 19 24 20
7 21 19 16 1 2 21 4 7 2 3 2 10 22 11 23 4 19 20 11 14 13 21 10 4 5
23 1 21 15 13 15 20 11 8 0 7 12 22 9 4 7 15 19 11 17 8 23 15 17 9 20 13 15 12 0 14 20 6 14 2 9 8 16 20 16 17 15 23 4 21 0 0 15 7 18 9
6 14 11 8 3 22 5 18 1 14 5 23 8 6 14 20 1 15 7 15 15 17 12 21 10 20 1 19 24 24 12 4 0 23 22 6 0 23 6 13 21 6 23 8 6 17 11 7
21 0 16 12 24 20 4 24 10 16 12 18
17 22 23 8 16 2 4 2 8 4 0 3 18 16 15 14 18 9 18 6
18 17 22 6 13 5 5 5 13 1 17 7 18 18 3 0 11 23 14 20 2 3 2
10 22 17 9 4 5 13 15 24 10 3 3 23 17 22 4 24 20 4 21 5 13 7 9 23 14 18 21 0 0 2 17 22 6 20 2 9 14 13 11 5 9 8 19 23 6
24 11 18 15 19 2 8
16 19 16 17 5 23 19 2 21 4 2 21 4 7 24 18 2 6 20 7
13 13 20 1 4 0 0 7
20 13 21 15 24 15 23 8 1 2 9 23 4 17 22 5 9 16 1 6 16 2 9
8 4 19 11 9 5 1 2 21 6 1 19 19 20 1 1 4 8 24 12 22 0 0 3 22 15 5 7 9 8
0 2 6 12 0 19 16 17 12 2 10 16 17 2
19 11 8 21 8 6 12 8 4 19 23 21 12 11 5 15 11 14 19 2 24 0 15
4 14 24 18 1 21 9 5 1 3 18
13 2 11 0 0 14 20 4 5 13 13 4 8 16 17 1 2 9 23 6 13 20 16 15 5 7 2 6 15 20 2 9 19 4 0 16 16 1 1 21 15 12 4 14 2 4 19 24 1 17 1 17 15 7
17 3 23 14 4 24 5 12 22 13 5 5 1 5 10 23 4 1 21 12 21 0 23 3 11 9 5 12 15 13
14 9 20 2 0 19 16 2 21 6 18 7 18 15
22 6 13 13 15
22 15 17 16 8 6 12 4 14 13 1 15 12 11 11
12 15 17 1 4 8 1 0 19 17 22 23 19 23 4 1 11 9 4 21 8 19 10 20 11 5 10 3 0 3 21 5 4 19 23 3 11 5 13 12 4 17 3 3 15 20 19 17 21 8 16 16 18 18 15 24 0 7 21 5 11 14 4 0 14 4 5 7
11 22 17 21 8 16 23 15 11 11 18 17 21 6 17 7 9 20 1 15 23 1 19 11 0 11 22 6 18 20 11 17 1 3 2 24 12 14 24 20
22 5 10 23 8 16 17 11 5 23 14 15 18 2
1 6 14 7 18 6 12 2 9 14 11 9 0 23 15 23 14 5 12 2 4 8 3 3 21 19 19 4 5 23 15
20 4 14 13 20 19 11 22 23 8 1 14 15 13 5 15 24 24 11
20 8 19 19 23 3 11 7 19 24 15 7 14 4 19 20 5 12 21 15 7 24 12 2 21 4 19 19 20 7 18 1 14 13 4 7 18 3 4 14 19 20 7 14 2 3 21 0 14 18 21 9 19 10 4 24 15 19 10 7 12 24 20
23 6 1 0 0 11 23 3 0 16 9 11 5 23 19 17 2 8 6 9 24 5 11 8 21
2 3 18 18 21 4 14 24 18 2 21 15 5 22 6 23 10 22 17 12 3 22 13 5
1 15 11 9
18 17 2 8 3 0 19 16 20
4 5 1 15 15 11 9 24 0 0 23 10 20 6 18 9 5 15 14 18 3 2 0 10 18 2 3 11 7 3 0 7 18 2 10 22 4 8 6 9 5 11 11
9 19 16 9 14 2 24 13 20 8 1 13 11 16 19 19 11 16 19 2 8 4 1 21 5 11 9 8
5 13 10 12 18 1 6 9 5 12 8 4 14 15 12 24 20 13 7
24 1 2 17 7 2 9 19 19 19 2 0 23 6 13 15 11 8 16 16 14 9 11 22 15 5
11 5
12 15 7 19 16 23 14 11 16 17 11 17 9
13 24 24 12 21 11 5 12 11 18 9 12 4 0 0 7 24 12 22 5 15 18 4 14 15 20 8 13 11 5 23 21 10 16 18 15 15 23 14 5 13 13 12 15 14 13
4 1 5 11 0 20 7 12 8 16 16 19 19 17 21 12 8 24 0 23 15 17 2
18 16 9 16 14 13 11 11 11 10 20 16 13 5 9 11 8 23 11 22 9 19 2 8 19 20 6
22 4 0 2 17 9 5 9 14 19 23 8 6 9 23 14 19 19 17 22 17
11 23 22 9 0 15 18 3 23 4 19 2 0 10 3 11 18 4 17 22 4 8 4 7
22 15 13 12 23 8 21 4 19 19 17 5 6 1 21 15 13 2 24 24 10 22 4 17 21 12 2 0 13 5 6 14 11 10 9 11 0 18 7
4 19 19 20 5 4 8 19 20 13 19 23 21 12 22
16 17 11
3 0 18 16 16 1 0 3 15 11 22 6 18 17 15 5 18 6 14 24 13 5 15 20 1 1 11
8 23 19 24 1 11 14 20 16 9 18 21 9 18 15 14 2 10 20 13 24 20 1 11 17 15 19 2 6 0 18 21 11 9 19 10 23 17 15 24 20 4 1 2 0 2 24 10 12 14 4 17 21
15 14 9 5 4 2 10 3 21 4 7 15 11 22 4 7
6 14 9 23 19 20 13 5
12 3 22 4 0 13 2 10 7 15 13 19 11 0 20 16 1 6 15 13 19 11 11 18 20 16 9 0 11 8 3 15 12 21 6 0 18 6 1 11 0 3 21 9 14 11 17 8 24 10 12 15 15 7 3 15 7 24 0 16 10 3 21 4 21 15 7 19 17
7 3 21 0 11
17 21 11 0 23 19 20 4 19 23 15 5 1 1 5
23 10 7 12 3 18 17 5 11 0 23 3 4 8 6 14 15 17 22 13 15 12 23 4 19 19 20 7 2 3 15 11 5 6
0 18 7 9 18 9
19 24 12 3 15
10 9 19 19 10 10 12 3 4 19 2 3 15 17 2 3 3 15 18 9 24 24 21 19 20 11 11 17 3 18 6 1 6
2 4 17 5 4 0 14 18 8
12 15 14 5 23 21 9 14 11 17 9
12 22 9 4 24 10 9 20 19 19 2 24 0 7 9 14 20 19 4 21
4 8 6 15 12 21
17 15 17 11 16 15 12 24 24 1 0 7 24 5 13
5 9 16 16 15 5 15 7
21 0 7 19 24 13 19 19 23 11 23 3 15 23 6 0 11 16 10 3 11 9 19 23 22 5 18 9 5 18 4 1 11 9 8 4 2 3 15 20
17 9 8 1 3 23 22 6 12 14 13 11 11 11 23 3 15 7 14 5 9 18 2 21 8 13 12 18 17 21 19 10 3 11 8 13 11
7 14 18 1 15 12 0 19 23 15 17 21 0 11 8 23 21 4 0 16 12 0 11 5 13 13 19 23 3 11 8 16 23 14 18 17
16 18 21 4 19 20 8
22 23 8
0 2 17 8 23 17 8 13 10 3 4 5 18 7 24 11 5 15 15 15 19 11 9 11 7 14 4 2 6 9 24 10 16 18 7 14 12 21 5 12 24 24 24 5 14 2 17 1 17 11
0 13 7 21 0 7 19 23 3 23 21 6 16 10 7 24 15 18 3 21 8
10 7 3 21 8 6 23 22 4 24 10 12 15 20 6 1 11 0 7 3 18 3 23 10 18 7 2 0 0 16 14 15 13 13 20 19 20 4 7 3 10 12 3 21 6 20 8 21 12 23 15 14 7 24 1 6 13 4 14 2
5 22 4 0 19 23 10 18 17 1 19 19 4 5 12 15 19 16 18 2 0 23 17 22 13 24 0 13 7 24 24 5 15 18 9 14 19 19 23 1 6 15 17 22 4 24 0 14 15 11 17 2 17 5 4 21
14 9 24 10 10 22 15 19 11
23 17 15 12 21 5 4 21 19 20 13
2 6
2 0 13 20 19 2 0 16 1 3 23 10 16 16 1 13 5 6
5 15 12 3 10 18
13 15 18 7 14 24 5 4 8 4 7 12 15 12 0 10 18 21 8 13 21 11 7
16 2 24 24 0 7 21 5 6 9 23 17 7
8 1 5 1 6 23 10 23 11 0 7
13 5 22 15 18 16 23 21 12 8 4 2 21 8 13 20 11 10 8 13 7 21 5 9 23 21 5 12 18 7 9 5 22 6 20 6 1 14 9 24 21 15 18 9 14 13 2 8 0 19 2 10 3 15 20
14 13 15 12 24 21 4 21 11
24 1 1 4 14 7 24 18 7 21 9 8 23 19 19 19 16 18 16 15 19 19 19 20 11 8 23 8 21 12 14 12 15 14 2 10 16 23 14 12 2 4 14 7
8 3 0 3 4 0 3 15 7 15 5 4 1 11 11 7 15 5 6
6 0 13 10 23 1 17 11 17 15 20 4 0 0 16 19 16 8 13 2 24 24 5 18 18 21 19 11 9 20 11 18 8 4 0 10 16 12 4 24 1 17
16 1 1 17 11 23 11 18 17 11
12 22 5 5 5 10 22 13 21 10 23 10 16 14 5 11 11 5 14 19 19 20 11 8 19 19 17 1 4 21 0 15 7 21 19 11 0 16 8 21 6 1 15
5 14 13 11 17 15 5 23 10 8 4 7 12 8 16 10 9 5 1 19 19 20 5 13 5 23 6 16 19 2 8 4 21 5 5 18 6 16 17
5 5 9 19 23 6 20 5 10 8
1 4 14 5
1 15 7 24 12 14 11 22 6 1 13 7 15 20 4 17 21 19 11 17 22 6 14 11
5 5 4 19 2 9 4 5 5 11 22 13 0 16 2 24 18 8 19 20 11 18 21 19 11 14 11 18 20 2 9 0 14 19 17 2 17 9 18 2 0 18 2 3 21 12 3 18 20 8 4 7
24 21 8 24 18 3 0 3 23 6
14 19 23 17 9 8 0 14 15 11 10 22 23 14 5 4 17
20 19 23 3 10 9 24 24 12 22 9 11
23 22 23 22
24 5 5 15 7 12 18 4 19 2 3 18 4 21 5 22 4 2 6 18 20 1 2
4 0 13 13 0 14 9 18 9
18 21 4 19 11
8 3 15
17 2 8 6 1 21 12 22 23 6 15 18 21 6 13 5 11 9 5 18 7 14 24 10 3 2 9 5 14 20 2 9 12 2 8 3 2 21 10 7 19 16 8 16 12 0 18 6
24 15 7
5 11 0 18 16 1 6 13 4 0 2 0 15 17 15 13
15 7 2 3 21 5 1 4 2 8 6
9 16 17 9 16 13 15 23 4 5 22 17 21 5 5 4 19 20 19 17 12 11 8 3 3 21 19 23 1 6 17 8 6 18 7 19 19 24 21 19 11 17 5 4 17 7 18 3 18 2 24 11 8 16 8 3 21
12 22 5 4 1 17 8 0 20 5 18 18 1 14 20 13 20 11 8 0 14 5 9 14 13 12 2 9 16 12 21 8
18 8 23 6 17 15 20
17 15 13 1 11 7 21 9 24 0 16 8 19 19 20 7 15 11 5 6
15 20 6 1 15 18 21 12 3 21 10 10 23 15 23 1 0 14 24 0 14 9 24 0 2 3 0 3 0 15 23 21 12 3 15 17 9 5 13
6 8
19 10 9 4 1 19 24 18 8 1 6 15 23 19 23 10 7
12 23 19 11 23 15 7 14 20 7 21 9 14 24 21 10 22
9 11 0 16 9 20 11 0 15 23 15 19 24 11 10 10 22 9 24 15 5 14 2 6 1 15 19 4 19 4 17 21 10 23 22 13 13 1 0 16 13 20 8 19 19 17 9 4 1 11 9 18 2 17 7 19 23 6
10 12 15 5 14 13 1 11 8 4 2 0 20 6 18 9 4 14 2
24 24 0 15 24 18 8 19 17 16 15 12 14 24 21 8 3 11 5 13 19 23 10 18 9 14 13 19 24 12 15 14 4 0 20 8 4 8 13 1 0 16 17 21 10 10 22
15 14 7
3 15 7 19 11 22 9 4 21 15 15 12 18 3 15 14 12 23 6
16 16 2 9 5 9 8 3 4 17 5
21 15 14 4 2 21 5 22 6 13 12 18 8 3 0 11 0 3 0 23 1 19 24 11 7 3 4 1 2 17 11
11 23 19 11 9 20 5 1 1 21
13 24 10 8 16 14 11 18 1 17
9 5 1 2 8 23 15 23 11 14 4 7 21
24 11 8
3 2 6 14 19 19 11 16 13 10 7 18 9
21 0 0 18 8 19 20 4 21 0 23 1 0 11 0 7 18 21 6 16 23 6 16 12 0 15
12 18 15 18 3 0 11 0 2 17 22 13 12 3 0 18 21 15 5 23 10 23 22 9 11 10 11 8 23 3 22 9 20 7 19 11 8 4 19 19 23 19 20 11 16 8 24 10 4 17 8 19 20 7 3 22 11 18 20
6 14 5 9 18
7 9 14 24 12 14 19 19 10 9 14 5 13 0 18 8
18 16 16 1 15 14 19 2 10 20 11 8 19 2 9 8 1 1 6 17 15 23 14 2 3 3 23 21 12 18 6 1 6 23 10 4 0 10 3 23 17 16 20 2 0 13 1 14 20 2 8 21 5 9 16 18 1 17 12 15 7 12 2 6 1 2 6 15 5
20 16 2 0 15 12 3 11 22 4 14 9 4 19 20 13 1 6 1 14 4 8 4 7 19 17 1 21 4 17 15 14 13 5 18 7 9 4 21 5 15 15 19 20 13 21 0 19 2 9 11 9 18 4 17 21 10 20 4 5 14 13 11
15 24 11 17 9 14 2 3 18 8 3 15 19 16 2 17 2 4 2 6 16 19 17 2 4 2 11 23 22 6 12 0 18 8 6 8 4 19 4 5 4 5
20 19 2 24 12 3 18 15 5 22 17 2
15 19 19 11 5 5 4 19 17 9 8 6 23 15 13 12 23 22 6
24 15 19 23 17
15 24 10 16 9 20 16 9 5 14 20 19 23 19 16 18 9
18 15 12 22 4 14 18 16 15 5 5 6 18
17 3 15 12 8 4 19 2 17 12 24 12 23 3 10 11 9 5 22 15 12 8 6 9 19 2 0 16 17
15 14 11 23 4 7 12 2 3 15 17 3 23 4 21 5 5 11 9 16 9 24 11 9 18 8 23 21 4 1 21 12 4 8 23 10 18 4 2 11 11 8 21
21 9
20 1 4 24 18 1 21 0 16 14 19 19 11 16 23 10 9 18 16 23 10 4 1 6
23 6 17 5 15
5 7 24 12 18 8 0 7
12 0 11 8 21 0 18 3 10 4 1 17 12 24 0 19 16 20 6 17 15 17 1 15 12 3 21 19 23 11 5 23 1 17
2 0 3 15 13 11 0 18 20 8 4 1 11
10 12 8 4 0 3 3 0 16 23 14 24 0 13 13 19 19 2 21 19 19 24 15 7 12 23 8 3 21 15 19 23 21 5 6 23 3 2
19 2 6 8 24 10 12 4 0 10 3 23 10 10 10 12 23 19 11 14 4 7 12 14 4 5 4 14 11 16 10 23 17 9 16 16 12 15 7 19 24 18 9
19 16 14 20 13 15 5 22 4 0 3 0 23 8 19 16 12 8 21 8 16 23 3 0 11 0 11 14 9 5 13 21 0 16 8 3 18 2 17 8 3 22 6 23 11 22 11 10 7
22 23 19 17 22 15 11 8 6 9 11 23 15 14 15 11 22 4 5
4 1 19 20 5 12 18 15 13
14 18 16 18 4 0 2 6 20 19 2 3 23 21 8 13 15 7 18 6 17 21 4 14 13 4 8 23 11 8 19 20 11 5 10 3 10 18 15 5 15
8 13 12 2 3 11 18 2 8 13 12 2 3 23 21 19 23 11 7 15 20 16 15 19 17 12 18 21 10 23 4 7 24 21 5 9 23 11 8
21 19 16 19 19 17 2 9 23 1 0 20 13 1 17 1 0 0 0 14 2 10 4 8 4 19 23 11 18 20 4 19 17 1 13 2 0 11 9 4 17 16 15 5 13 24 11 5
19 19 24 0 7 2 6 1 21 0 11 16 17 11 14 7 18 1 4 24 21 6 14 5 10 10 7 21 6
12 15 23 1 1 14 5 6 23 21 4 21 0 11 23 17
4 1 6 15 13 5 7 14 11 10 16 13
21 8
14 20
14 11 5 18 1 17 16 8 1 11 17 5 6 16 9 4 24 21 10 16 13 20 11 9 8 23 21 4 14 2 8 23 6
19 11 17 12 8 19 19 11
19 19 10 22 13 2 4 17 21 5 11 16 23 15 18 1 21 5 5 6 23 11 5 11 22 4 7 9 12 18 7 2 21 10 18 2
6 1 17 9 24 13 3 22 9 24 21 5 12 18 15 20 7 9 14 13 0 7
2 0 0 2 21 5 11 7 12 2 11 0 16 12 3 23 17 11 17 9 23 21 0 16 20 2 21 12 18 1 14 5 7 3 11 0 19 24 20
21 0 20 8 23 17 9 23 22 0 10 9 8 6 15 18
12 15 24 21 19 17 11 23 8 21 8 4 24 13 7 14 7 2 0 16 18 8 3 21 5 14 7 3 0 18 4 7 9 12 3 22 4 0 3 3 15 11 23 19 16 20 8 16 20
14 18 6
18 21 4 19 23 11 9 8 24 12 18 6 20 5 5 4 0 15 14 12 4 14 18 1 21 12 15 14 2 11 10 16 16 17
16 15 23 4 17 15 12 22 23 14 20 13 10 10 12 3 21 6 13 3 3 3 2 0 7 15 24 1 6 12 11 10 4 24 10 4 24 15 13 20 16 10 7 24 15 14 19 2 24 18 7
0 10 8 23 11 8 23 21 9 14 19 2 24 5
24 11 16 16 19 23 11 9
18 8 3 3 10 16 14 20 11 9 20 19 23 11
15 19 11 18
4 8 23 19 20 5 22 11 23 8 19 11 14 24 20 6 15 14 9 14 18 1 11 11 9 14 11 22 6 13 20 16 20 2 9 24 21 5 22 5 1 19 20 5 4 0 0 0 10 3 15 23 8 13
8 3 10 12 8
5 18 18 3 15 14 12 4 24 15 7 14 15 18 16 8 13 12 22 5 9 14 24 18 8
23 4 0 7 24 13 21 8
23 1 21 12 0 7 24 10 11 8 23 14 5 5 7 18 17 16 23 19 11 11 18 20 7 3 22 0 23 10 10 23 6 15 17 21 0 18 9 14 24 24 12 3 22 17 9 4 17 12 23 4 24 0 3 10 23 14 18 18 2
8 4 21 15 14 2 4 1 6 14 24 0 16 20 13 3 22 23 3 0 7 18 6 12 23 22
6 20 2 17
4 24 18 2
0 15 14 12 0 15
13 11 14 5
22 0 0 18 4 19 24 21
7 3 23 1 17 3 18 20
9 19 11 16 15 7 24 11 7 3 22 5 12 15 18 1 17 1 21 0 10 7 15 5 1 11 11 5 18 21 11
4 14 15 14 13 20 2 4 24 10 10 4 5 15 17 3 22 6 14 5 7
2 9 20 2 24 21 8 21 19 20 5 1 0 2 9 5 11 0 10 20 5 5 23 14 18 21 0 23 3 2 6 1 4 1 3 15 23 15 24 20 16 13 10 3 21 19 16 14 12 8 6
10 12 22 23 4 14 13 21 5 13 10 16 9 20 4 1 6 15 11 0 2 0 11 8 21 10 4 19 19 2
18 9 23 19 4 2 21 19 20 13 4 21 15 12 22 11 16 15 15 19 16 9 18 7 2 3 2 4 14 15 17 2 0 16 8 23 17 22 9
10 10 10 22 17 12 8 13 2 3 15 17 12 23 21 19 23 8 0 7 18 7 2 3 22 17 16 8 21 4 0 0 7 15 14 18 4 19 19 24 20 1 21 19 10 8 21 19 23 8 21 15
5 13 11
16 20 8 3 10 11 11 5
23 4 0 7 9 0 15 19 17 8 21 11 17 5 22 11 18
1 1 3 3 11 16 14 18 16 23 17 21 12 2
11 9 5 10 9 11 22 6 23 6
11 23 19 24 24 20 4 14 13 15 18 21 10 12 3 15 14 19 17 12 14 18 8 24 18 7 24 18 17 22 0 3 3 21 12 14 4 17 21 19 19 24 21 15
19 24 10 7 19 24 15 5 6 13 5 9 4 19 24 21 5 4 7 14 7 24 0 10 4 2 9 0 16 12 2 21
14 20
16 2 24 24 21 9 24 18 1 6 15 7 18 15 18 2 0 14 18 21 8 3 11 7 24 12 15 11 7 19 19 20 2 3 18 18 16 18 15 19 19 11 16 1 4 21 19 2 3 3 0 16 18 16 15 12 2
16 15 20 19 24 5 22 15 14 2 6 20 1 14 18 17
22 4 1 5 11 0 14 24 13 19 2 10 9 20 6 15 7 19 19 17 5 1 4 19 2 6 9 16 16 13 20
19 11 10 4 5 4 8 1 2 17
16 18 16 16 19 23 8 24 5 1 14 4 0 16 8 23 22 4 8 3 18 20
4 14 18 8 16 9 20 13 2 9 23 1 21 15 5 10 18 2 21 5 1 4 21 8 21 5 7 14 7 21
2 3 23 10 3 2 17
20 5 9 12 8 21 10 23 14 18 20 13 19 20 4 5 22 13 19 23 11 5 7 9 4 17 15 18
13 1 21 5 5 23 19 11 9 23 6 18 21 11 9 18 15 14 11
0 20
19 10 16 17
13 11 0 3 22 4 1 21 10 23 17
22 15 7 15 13 10 9 24 11 17 5 4 17
14 12 0 19 20 8 24 10 12 15 18 17 15 17 16 20 2 17 2 24 21
12 24 0 18
5 5 14 19 19 11 10 16 2 8 13 20 8 24 0 7 24 18
12 15 12 23 11 8 6 1 11 9 18
6 14 5 9 24 18 2 10 4 21 15 14 13
14 19 19 10 9 8 6 18 7 18 6 17
17 11 9 11 9 8 4 1 6 23 14 2 17 1 11 22 17 9 12 18 4 1 2 4 0 10 23 22 17 11 22 11 14 12 14 24 10 11 7 2 21 15 5
10 23 8 13 1 6 15 14 7 9 24 21
23 1 0 15 20
12 21 11
20 11 23 10 3 22 9 5 23 1 15 24 24 12 2 11 11 18 21 8 3 18 16 23 21 15 14 4 21 12 11 7 2 9
0 13 15 13 19 10 7 12 2 6 20 5 9 14 18
18 8 4 5 14 20 5 7 21 15 12 23 14 7 3 15 18
11 0 14 19 11 23 19 4 0 0 7 19 11 23 8 23 15 24 18 15 20 6 8
19 19 19 19 23 19 23 8 4 1 17 1 6 9 24 5 1 11 10 16 9 14 19 23 8 19 19 11 5 6 12 8 21
19 24 21 15 11 11 18 2 0 23 17 21 8 23 6 0 10 22 17 15 15 7 2 4 19 17
20 8
3 15 13 5 11 8 4 21 12 22 11 16 13 20 5 14 24 20 11 9 23 10 7
9 5 4 0 3 22 15 13 7 19 2 4 24 13 3 3 23 8 1 1 11 0 7 15 20 13 11 10 9 14 13 7 24 20 2 10 12 23 15 13 2 4 17 12 0 18 16 1 0 10 10 7 2 8 23 21 10 11 11 23 21 19 20 19 17
18 1 4 14 2 8
7 18 17 8 13 13 2 17 7 3 18 4 21 5 5 18 3 3 0 15 11 16 12 0 2 9 5 1 13
7 19 2 4 24 10 23 8 23 10 9 11 18 2 6 20 1 3 21 8 24 12 23 22
17 22 13 15 11 5 13
7 14 2
16 16 9 24 20 7 18 18 8 23 19 2
21 4 1 4 14 5 15 14 15 14 11 0 13 0 7 9 24 10 8 16 17
11 5 5 9 8 19 23 4 14 9 11 5 4 8 6 14 19 20 2 10 4 2 6 20 1 3 3 23 14 15 14 4 14 24 5 1 2 21
4 0 18 7 14 5 13 10 23 21 8 19 10 22
13 4 0 14 9
23 1 15 24 5 23 4 0 11 14 5 22 11 5 12 21 5 13
3 2 0 19 24 24 12 2 11 17
18 1 17 21
18 2 17 22 13 7 24 12 15 13 11 8 3 18 3 11 23 8 21 10 4 14 7 9 24 11 7 3 22 4 5 12 15 20 7 18 3 4 8 3 0 19 20 4 2 10 22 17 11 9 23 8 23 21 6 13 5 22 9 12 0 18 4 2
12 21 5 23 8 13 19 10 3 10 12 11 0 18 2
6 12 24 24 10 7 19 20
9 8 4 19 23 8 24 0 2 4 1 3 0 2 3 0 23 21 8 6 20 8 13 0 14 13 2 10 12 11 11 16 12 8 16 12 18 15 11 10 18 2 24 5 18 16 8
5 22 11 22 11 9 18 7 3 0 19 23 15 15 13 13 7 21 12 3 0 19 19 20 2 0 18 6
7 2 17 5 9
12 3 15 7 19 19 2 3 4 14 13 10 11 22
24 11 8 4 14 12 0 14 12 11 22 15 19 24 11 22 17 9 4 21 15 18 20 1 6 13 20 4 1 0 11 5 14 13 12 11 7 18 21 12 23 19 16 8 4 24 21 4 21 12 2 17 11 23 21 10 10 8 13
14 11
9 5 14 9 12 22 17 2 17 12 2 24 13
10 11 11 9 14 11 10 4 14 4 24 20 13 24 21 19 10 22 17 21 10 3 22 15 12 8 24 18 3 11 23 10 3 2 24 12 11 16 13 7
8 6 12 15 11 8
23 4 14 13
3 2 0 7 19 23 22 4 14 4 17 7 12 22 13
10 7 18 17 8 21 15 14 2 17 8 16 12 21 10 10 23 21 19 16 10 12 21 15 14 2 4 5 4 8 4 2
3 15 5 4 19 17 8 3 22 9 5 11 8 24 12 11 11 0 18
19 20 7 18 6 14 2 9 11 17 12 8 16 18 21
16 9 16 10 7 15 5 12 8 1 6 18 8 16 20 13 3 11
4 14 9 18 15 15 12 18 1 1 21 0 14 11 18 17 8 24 1 11 14 13 1 6 20
15 18 7
11 10 4 1 5 15 14 2 4 17 8 1 2 3 11 16 15 24 5
4 21 8 1 19 24 21 10 8 1 2 6
24 24 1 15 19 2 11
6 13 1 6 13 15 13 20 19 11 18 7 19 19 16 2 8 6 20 7 21 4 14 7 12 0 10 8 4 21 0 23 14 9 0 11 7
20 13 19 17 22 4 5 11 7 2 6 17 12 15
4 19 2 17 7 14 11 23 4 19 11 17 21 11 9 12 23 3 2 0 23 10 9 18 3 23 19 10 7 24 11 0 2 17 8 4 14 15 19 23 21 4 0 10 16 8 1 0 18 17 5 15
9 8 13 5
24 20 13
11 23 14 4 1 11 7 15 7 12 2 17 15
0 7
1 19 17 15 17 21 19 11 14 9 0 14 7 2 8 13 4 5 10 18 8 1 0 10 16 15 20 1 15
12 22 9 24 11 10 11 9 12 22 9 5 15 19 19 11 16 8 0 3 0 7 14 19 10 22 4 24 15 19 11 22 23 19 19 17 12 15 13 2 4 14 18 1 4 8
5 14 5 23 19 11 5 4 17 1 2 6 8 13 10 4 21 15 17 12 23 14 2 0 15
8 16 10 10 10 7 12 2 3 18 7 12 2 21
8 24 0 3 18 16 23 22
13 15 15 19 16 23 11 10 12 2
0 7
19 23 21 19 20 19 20 1 3 18 2 17 3 2 3 18 6 1 2 9 0 23 15 13 0 2 24 12 23 3 11 18
12 2 3 4 8 4 2 0 7 21 19 24 15 19 20 19 19 2 10 9 8 19 10 4 1 17
24 18 2 0 20 8 1 17 22 13 5 11 0 14 4 7 9 11 16 8 1 6
16 10 23 21 5 5 9 12 18
24 12 24 21 19 11 10 12 11 5 5 18 7 15 11 9 8 13 21 8 21 5 13 21 8 23 8 13 11 7 24 5 23 8 0 20 5 1 0 15 7 15
24 20 2
15 12 24 12 24 12 4 0 15 18 6 9 11 7 9 24 0 0 18 6 12 15 14 13 2 21
3 3 15 17 22 0 2 17 2 24 13 13 3 0 15 7
3 4 0 13 19 17 22
18 2 24 18 9 24 0 14 7 19 2 6 20 16 2 11 5 5 23 17
24 11 16 1 13 13 7 18 1 6 8 24 10 8 13 13 2 17 1 21 19 24 5 15
19 10 4 1 4 5 9 19 17 2 9 11 23 17 15 5 5 4 17 2 3 22 9 24 21 8 21 8 0 10 22 13 19 4 8 4 0 23 4 19 10 8 4 2 9 8 21 15 18 4 17 3 0 15 12 18 8
6 18 1 1 17 8 24 13 15 7 2 24 1 17 8 24 11 8 23 6 1 4 24 20 4 8 16 9 0 7 24 15 23 10 23 3 22 13 0 18 21
11 9
6 17 9 24 13 5 9 18 15 12 14 19 24 1 6 16 9 12 21 4 2 0 11 7 21 5 7 3 0 7 19 17 11 9 20 2 10 11 8 19 19 17
0 3 22
5 5 4 24 20 4 0 19 16 23 3 4 2 6 20 7 15 19 19 4 24 11 0 2 9 5 9 19 20 11
2 6 8 24 11 10 4 1 11 8 4 21
11 8 23 21 0 16 17 8 0 20 1 3 23 21 12 3 21 4 7 21 19 2 6 14 18 4 0 23 19 4 0 16 18 6 1 17 8 23 22 6 14 2 4 14 18 21 5 18 6 23 21
0 7 12 15 23 17 15 24 0 2 10 22 23 21 8 24 10 10 23 1 4 8 23 8
6 8 4 19 23 1 11 11 5 7 18 21
0 2 4 1 19 11 5 14 5 6 14 18 3 4 7 3 22 9 14 5 13
19 11 0 23 17 8 13 11 7 14 19 11 23 11 9 5 23 3 0 11 0 2
23 15 5 10 8 19 20
4 19 2 9 16 15 13 13 20 11 9 14 24 5 4 0 16 23 22 11 18 6 18 9 11
4 7 9 16 2 3 10 7 19 23 1 17 2 21 12 3 10 18
11 8 3 4 1 6 12 15 14 19 24 11 17 9 14 11 8 23 22 15 7 21 5 4 5 4 14 18 16 12 8 4 1 4 8 4 0 16 20 11 23 8 0 2 8 16 17 2 3 11 5 12 8 4 19 20 5 9 23 8 0 0 2 0 3 2
1 19 23 10 20 19 20 11 23 3 2 8 24 15 14 11 7 21 12 22 0 18 2 0 20 16 13 19 20 8 6 14 15 14 13 7 21 8 24 11 5 6 1 14 19 4 19 10 16 13 5 22 11 17 5
5 4 0 19 23 21 15
7 19 11 11 23 19 17 22 9 24 10 10 20 1 15 7 19 19 16 19 2 24 12 15 11 5 4 17 21 6 14 12 15 20 8 24 5
11 9 5 13 1 11
12 15 13 3 23 15 18 16 12 4 5 13 13 4 7 3 0 2 0 0 0 3 18
20 6 1 6 12 23 21 19 11 11 8 16 20 5 5 7 3 3 15 17 16 19 20 1 0 15 7 2 21 19 19 20 11 5 4 0 2 3 10 22 0 14 19 20 2 6 0 14 12 21 0 18 8 16 23 10 12 3 3 4 24 15 20
1 15 11 7 2 4 5 13 15 7 21 5
2 0 16 8 19 16 2 4 0 20 6 15 12 2 24 24 13 24 24 12 3 23 3 11 8 24 11 23 6 15 24 24 11 14 11 18 18 16 9
24 20 7 14 2 6
14 20 5 4 5 9 0 7 21 4 17 16 15 18 4 1 15 17 21
11 23 21 4 8 16 9 20 19 10 10 10 23 22 0 23 19 20 1 5 4 24 0 14 7 24 0 19 20 2
13 24 15 20 4 7 15 18 4 8 13 12 23 22 9 23 17 21 8 16 20 4 19 17 11 5 18 2 6 20 2
8 6 16 14 2 6 17 1 17 8 21 6 12 21 9
16 19 11 23 11 5 6 9 5 13 20 13 20 8 13
14 2 10 12 0 3 18 9 19 23 10 3 0 3 11 5 12 2 24 24 13 20 11 9 23 3 15 14 13 5 5 15 14 19 11 9 5 12 2 6
18 2 8 1 13 24 15 17 12 23 11 5 5 14 15 20 1 14 11 17 15 13 19 24 24 20 19 19 17
18 6 14 20 2 9
20 5 9 19 2 10 20 19 17 8 6 23 17 1 19 20 7 21 4 7 24 0 18 6 8 19 24 13 13 20 19 20 7 19 10 10 18 4 21 19 23 14 19 19 4 17 16 15 11
17 22 11 9 12 22 9 5 15 23 10 18 6 14 12 21 8 4 7 2 24 0 18 6 14 13 4 14 12 14 15 23 11 8 23 8 13 2 0 7 24 21 9 5 23 1 15 24 1 14 12 3 4 17 15 14 24 10 23 21 0 15 13 12 2 17 21
8 19 10 12 11 16 20
9 24 5 14 19 16 1 14 13 7 3 22 4 0 14 20 1 0 15 7
20 4 1 1 15 20 16 1 4 8 16 16 2 8 0 10 11 16 12 4 2 10 11 10 22 9 20 11
18 17 2
1 2 0 11 23 8 21 10 3 22 4 8 4 8 21 8 1 17 3 23 4 0 11 16 23 10 18 1 2 8 21 12 22
3 4 17 15 20 1 19 16 17 22 11 10 23 10 18 8 23 15 5 10 22 17 16 18 16 10 11 11 10 3 4 7 2 10 10 11 7 12 15 5 5 5 7 3 23 8 21
14 18 18 3 4 24 20 7 2 21 15 5 12 11 9
2 6 0 23 1 6 20 13 19 10 12 23 3 11 8 24 21 8 1 11 16 19 4 5 1 5 13 15 14 4 24 10 8
19 10 20 2 24 13 1 2 9 16 10 3 3 4 14 19 2 24 10 3 10 10 3 18 6 12 18 3 21 4 19 17 1 11 8
0 11 14 20 5 14 24 21 10 10 9 5 6 12 8 6 8 13 10 22 0 15 19 2 21
16 14 2 6 8 13 21 12 14 12 15
2 17 9 8 13 7 18 6 17 16 2 3 22 13
6 12 2 24 20 1 4 24 20 19 24 15 19 19 24 5
10 23 22 6 9 14 24 12 0 14 4 8 0 7 12 24 10 12 23 10 23 10 20 6 12 2 24 11 17 22 6 15 11 16 20 2 4 24 1 11 16 12 0 2
13 11 10 22 13 1 13 12 23 21 12 21 19 2 4 2 4 5 4 2 9 11 14 20 5 5
3 0 18 21 10 9 5 15 5
16 14 15 17
17 15 7
5 11 8 6 12 23 22 11 23 8 1 3 15 5 14 5 14 2 24 5 5 15 20 8 3 22 23 14 20 4 0 20 6 16 15 11 10 22 4 0 10 3 15 11 0 3 10 12 2 21 11 9 14 2 9 18 3 15 12 22 6 1 0 11 11
22 13 19 4 5 11 9 11 16 9 24 5 23 6 15 24 5 13 4 0 15 24 12 24 1 15 23 21 10 8 3 0 11 0 11 17 2 24 11 22 6 17 2 17 3 0 3 18 3 18 16 20 2 11 14 19 2 6 1 14 5 4 2 0 11 18 6
0 11 9 16 23 22 4 19 16 15 23 11 17 5 13 20
3 10 23 6 0 7 24 0 0 20 19 2 8 4 24 20 8 3 15 15 18 4 2 6 1 11 22
4 0 15 17 8 1 13 19 2
8 3 18 3 23 10 23 21 4 2 4 21 10 8 24 24 10 18 1 15 7 9 12 2
5 11 8 3 4 21 4 21 15 5
1 2 24 1 0 14 4 14 24 0 13 24 20 19 11 14 18 4 21
16 12 22 11 5 12 2 6
1 5 10 23 3 0 16 8 3 10 3 0 3 4 0 18
9 18 7 12 11
14 13 2
1 0 19 16 19 10 3 0 19 23 11 14 4 5
1 4 19 20 13 2 3 23 17 11 5 1 6 20 19 10 12 0 0 20
22 11 16 16 8 1 14 24 11 14 2 8 23 11 0 14 4 19 17 7 12 22 0 13 10 20 5 23 17 1 21 15 13 5 15 15 5 11
15 23 21 6 16 19 17 16 1 0 15 18 2 9 14 20 16 8
16 10 4 14 18 3 11 23 19 24 10 16 10 8 3 15 5
0 7 18 1 2 17 15 20 2 17 12 22 13 5 9 20 7 15 20 5
22 17 7 3 15 20 11 0 20 8 24 11 8 3 15 18 21 15
0 11 11 7 2 24 13 11
20 5 7 24 5 1 19 2 4 1 11 9 18 1 3 15
3 11 22 0 11 5 18 16 10 12 21 15 15 18 6 18 1 6 9 24 0 0 15
2 10 4 5 14 2 3 22 9 20 4 19 19 23 4 8 1 13 24 10 7 18 17 15 11
0 2 0 16 20 6 13 15 14 19 2 24 21 8 13 11 18 15
11 14 5 6
24 0 18 4 2 4 24 11 11 9 5 18 16 14 11 7 2 21 15 11 16 8 24 24 24 0 23 17 3 0 3 21 11 11 10 12 14 18 8 16 20 8 4 19 2 11 10 20 19 23 1 0 18 15 15 14 11 0 14 20 16 16 18 7
21 0 20 2 4 2 6 13 20 4 17 1 11 22
19 11
13 21 11 0 10 8 24 1 3 23 19 20 5 9 18 7 3 2 4 19 20 19 19 17 1 13 2 24 20 7 19 10 9 24 5 15 5 22 11 16 15 5
9 20 5 1 15 13
19 11 8 19 11 11 16 8 21 11 5 6 20 5 7 18 4 21 15 5 18 8 3 15 7 2 24 10 9 5 11 16 23 21 4 8 23 8 16 10 23 10 12 8 19 11 8 1 11 16 18 9 4 14 13 10 10 23 17 12 0 10 7
19 19 17 15 12 15 14 12 8
18 8 6 18 15 20
0 2 21 11 7 24 21 8 23 3 3 2 3 0 10 9 8 21
5 15 20 5 9 14 12 11 23 11 9 23 1 5 13 1 19 11 5
19 20 8 13 2 11 17 22 6 16 19 10 3 10 8
23 8 6
17 3 18 20 16 15 7 21 19 11 5 15 14 13 21 5 5 14 11 16 9 14 5 6 1 5
7 21 5 15 12 3 0 19 20
17 12 15 20 16 13 10 3 15 20 2 6 18
21 8 24 10 4 5 4 21 4 24 20 4 0 16 18 4 8 24 1 6 0 19 16 1 11 10 8 1 4 14 4 1 19 19 19 24 10 20 11 16 9 24 12 15 11 7
24 0 3 15 5 6 8 4 24 12 23 19 24 21 0 18 1 5 11 23 4 21 12 21 11 0 20 4 19 10 8 19 20 19 20 6 18 7 12 15 24 10 16 20 8 13 21 6 18 17 21 15 24 12 14 2 3 3 21 10 7 19 2
5 13 3 4 2 3 18 9 0 20 6 16 18
7 12 2 9
23 10 7
14 15 11 5 14 24 12 3 15 23 17 2 3 18 1 5 23 11 11 16 20 19 17
0 20 4 17 22 15 13
23 3 3 0 15 12 22 0 19 23 3 10 3 3 0 14 11 23 19 4 7 19 19 20 5 18 17 5 9 19 2 6 20 1 17 12 2 21 5 4 24 5
8 0 11 18 20 8 13 24 11 5 9 4 14 13 24 0 18 18 7 9 4 14 12 11 7 24 20 4 24 1 21
2 4 0 3 2 9 14 12 23 21 9 11 17 1 2
7 9 4 1 11 9 24 20 19 20 8 21 12 23 17 7 15 17 5 12 15 17 9 20
16 20 19 20
20 6 20 1 19 19 24 10 7 3 15 13
12 8 19 11 5 22 11 14 19 19 2
23 3 11 9 11 23 14 19 4 14 20 11 10 11 18 1 17 3 15 13
24 10 18 4 7 21 0 16 23 8
9 23 21 5 14 12 3 18 16 19 4 8 23 22 15 7 15 24 20 19 11 8 4 19 19 24 21 0 14 5 5 18 7
22 15 11 5 13 21 19 23 4 14 2 8 23 6 16 16 12 8
6 16 23 8 16 2 21 19 17 5 11 16 16 8 6 14 15 19 23 8 4 14 12 2 24 12 2 8 0 3 11 18 7
22 9 16 20 1 2 0 19 2 3 23 3 22
14 13 3 23 3 15 20 1 14 9 16 23 8 21 19 16 23 11 10 22 5 13 11 8 13 12 22 9 14 9
13 1 4 2 10 4 21
24 24 20
7 2 3 3 23 3 3 18
8 23 8 6 15 19 11
13 24 10 9 11 7 19 2 0 19 11 7 21 5 6 8 21 12 2 6 18 7 24 15
20 2 9 11 9 14 24 5 11 18 4 14 5 23 11 7 9 0 18 9 20 6 18 1 4 24 20 19 20 19 24 20 1 19 16 19 20 5 22 13 21 9 20 8 3 22
7 24 21
2 11 7 12 14 2 9 8 3 22
9 19 16 14 12 21
16 9 24 11 11 8 1 3 15 7 2 10 11 11 23 4 19 4 17 22 0 10 4 21 8 6 15 19 16 2 21 15 14 24 18 4 14 12 8 1 2 0 7 12 0 15 23 14 15 23 21
0 3 21 15 12 2 3 3 23 15 18 21
1 15 13 5 4 24 1 17 5 18 8 19 11 16 20 11 0 18 20 4 24 11 16 10 3 21 19 20 4 8 24 12 3 22 5 13 20 4 0 2 21
4 2 4 1 14 12 4 0 14 20 4 24 5 15 20 7
18 3 2 0 18 4 24 0 19 2 4 21 15 13 0 10 4 19 2 3 18 3 18 15 13 3 15 5 7 19 11 0 14 9 5
15 19 10 12 0 19 10 12 21 0 14 11 16 14 11 0 13 1 3 23 1 21 10 7 9 24 21 5 22 0 11 7
6 12 14 4 14 5 11 9 24 24 13 19 2 21 15
13 13 1 17 8 4 1 5 18 2 11 22 15 11 10 20 11 8 24 21 19 20 5
1 13 24 21 6 9 18 17 11 0 19 16 10 11 11 18 21 9 18 3 0 15 5 1 3 3 2 9 24 11 8 6 20 11 10 9 14 4 2 0 3 23 1 1 6 15 17 9 12 0 16 9 12 14 5 9 0 18 17 3 0 20 11 7 19 11 14 12 2
9 11 22 13 0 13 2 21 8 21 0 3 21 5 9 0 11 11 5 23 6 8 16 9 8 3 11 16 10 22 6 12 4 1 17 9 24 1 19 4 7 24 10 22 4 1 19 23 21 19 20 19 20 19 16 9
21 8 1 6 23 22 0 7 18 3 0 16 13 2 0 3 21 15 5 7 14 18 6 14 24 20 6 14 13 12 4 14 18 6 17 12 3 23 17 15 15 13 0 15 11 9 18
10 8 4 19 11 7 18 8 3 21 15
16 9 5 18 15 7 21 10 23 19 17 8 6 0 2 0 15 5 10 16 12 15 20 13 13
5 10 3 0 19 16 14 4 17 16 23 17 9 23 21 8 3 15
9 5 13 21 15
17 2 0 7 24 20 16 19 20 19 24 10 18 16 20 13 1 5
10 8 24 1 0 20
13 11 22 15 15 18 8 23 22 9 8 16 1 11 22 15 5 15 7
9 24 5 13 12 23 21 5 9 11
17 11 5 1 6 8 19 11 14 11 0 2 21 12 21 8
5 4 8
22 5 7 12 15 14 5
10 12 22 15 23 11 7 9
14 7 12 8 16 17 3 15 15 23 15 19 24 10 9 20 19 11 0 10 7 21 8 4 21 0 16 23 4 14 15 5 13 11 9
17 21 11
16 10 16 17 5 10 18 15 5 10 3 18 17 22 23 4 1 4 17 12 11 5 15 18 9 16 8
16 15 13 15 14 9 24 11 9 12 15 19 4 1 4 14 12 21 6 17 16 13 5 23 6 8 19 17 21 9 18 21
9 24 24 24 13 0 14 5 18 6 23 11 0 2
22 5 4 21 11
21 8 21 9
0 10 8 23 14 20 6 15 12 0 10 3 10 10 22 6 0 16 2 17 15 13 11 14 5 5 11
6 14 13 19 4 14 5 13 20 5 9 23 8 13 3 3 18
14 11 23 22 15 5 13 24 20 4 24 5 11 0 18
20 7 19 16 19 19 23 22
1 1 15 23 1 15 7 24 0 14 11 23 11 18 16 12 3 4 2 3 3 0 2 0 2 4 8 3 11 5 13 24 24 18
0 0 18 7 14 20 8 3 0 18 8 24 5 4 8 6 14 12 11 9 23 19 2
15 23 19 4 5
18 2 10 3 10 18 17 2 17 3 2 8 21 19 24 21 15
11 10 16 12 24 1 0 2 3 0 15 23 10 22 4 14 19 16 10 12 0 0 20 7 2 17 16 12 21 15 5 7 3 18
22 0 18 17 3 3 2 3 0 7 9 5 6 15 15 19 10 10 4 5
11 17 12 18 9 5
13 19 17 5 5 1 15 24 10 3 10 10 23 6 8
10 3 0 15
18 7 14 18 21 10 9 19 20 11 22 17 7 14 11 14 19 17 2 6 15 17 9 8 4 8 21 12 4 21 12 8 3 3 22 5 7 14 20 13 0 19 20 6 18 1 19 20 4 21 6 18 16 23 6 13 11 5 9
17 21 15 24 18 3 2 3 4 24 24 11 10 7 21 0 14 24 12 0 7 3 21
1 6 20 4 2 24 1 14 13 4 14 20
7 24 5 18 4 19 10 11 10 7 3 21 19 20 2 3 2 4 0 7
20 5 4 0 15 14 5 14 4 21 0 7 3 15 14 9 16 20 11 10 11 8 4 17
16 15 18 21 12 8 4 5 14 5 10 3 18 3 0 10 12 3 18 21
8 4 2
6 0 2 0 3 4 24 13
20 1 13 21 12 21 9 11 0 19 4 0 14 24 18 9 8 19 11 23 8
14 12 8 19 4 19 17 15 5 13 3 10 11 16 14 15 23 21 0 18 3 0 20
9 16 10 8 24 1 4 1 0 19 2 0 19 19 24 11 9 8 19 10 9 5 9 12 18 21 5 15
24 24 24 20 5 15 14 19 10 22 0 23 8 19 11
24 20 4 2 0 15 11 9 8 19 2 24 1 11 0 16 19 16 15 23 14 7 14 12 22 5 9 0 11 16 17 16 17 15
22 0 3 23 4 2 17 15 20 2 8
14 11 7 15 23 22 9 19 17 5 6 12 4 1 14 4 1 2
23 21 15 18 7 21 4 19 17 22 6 13 15 15 7 2 17 22 6 20 4 0 10 10 3 2 9 14 4 1 19 23 11 0 10 3 0 18 9 20 13 11 16 1 11 9 18 8 1 21
12 23 15 12 8 23 22 9 14 2 17
20 8 23 17 12 23 17 21 0 18 1 1 6 15 12 8 6 18 21 4 17
20 1 11 16 12 23 1 19 17 12 2 24 5 13 19 23 3 10 20 1 14 18 7 19 17 22
21 9 11 5 18 18 9 24 12 11 0 13 11 22 13 21 0 10 20 7 19 2 6 15 17 5
23 17 1 11 16 19 24 10 22 11 9 5 18 16 16 9 4 2 9 18 15 19 17 12 2 10 10 22 9 20 1 0 14 5 23 21 5 18
2 3 0 15 13 13 13 20 13
7 18 18
24 11 16 19 2 24 15 24 10 9 14 18 9 11 16 10 23 11 0 19 4 17 11 5 4 14 2 17 5 22 11 9 11 7 21 6 23 19 20 13 2 3 10 4 5 13 21 8 6
18 1 2 9
3 18 18 7 21 10 22 9 11 10 23 4 5 14 19 20 2 3 23 1 13 3 0 15
3 2 6
6 12 21
14 18 1 3 3 2 21 19 19 24 10 11 16 9 23 6 18 3 2 4 24 13 0 2 11 9 18 9 11 11 5 18 16 23 8 3 23 6 14 13 19 17 2
11 14 9 14 4 24 13 7 2 11 23 4 24 5 13 24 15 20
20 2 24 10 7
3 18 15 13 5 15 17 3 0 14 20 13 0 23 1 19 2
2 3 15 5 12 15 14 13 7 9
23 19 10 18 2 9 8 16 15 14 12 2 11 22 11 16 2 10 16 8 16 23 15 15
16 16 10 23 10 7 9 8 16 17 7 9 18 1 11 22 0 7 12 3 21 5 18
16 23 11 18 1 4 19 19 19 11 9
16 19 24 1 1 2 21 12 2 21 10 9 19 17 16 10 22
7 21 0 18 7 18 4 21 0 20 6 9
16 15 20 6 18 4 0 13 20 2 10 11
5 11 9 11 5 13 10 18 9 24 13 21 10 10 3 21 12 2 21 4 1 17
13 24 18 18 9 23 6 15 24 12 18 20 1 11 11 18 8 16 16 19 19 19 19 23 10 7 12 14 5 23 4 1 5 11 18
15 13 1 13 19 23 22 9 16 9 14 24 5
1 6 23 6 8 4 2
22 4 2 3 18 9 23 22 0 2 6 15 7
23 11 16 19 24 5 23 19 23 15 12 14 4 0 7 24 5 4 24 13 13
20 11 14 12 0 3 2 24 24 18 18 4 14 13 20 8 23 3 10 10 16 18 1 1 14 24 21 19 23 21 11 8 1 4 21 4 17 1 6 12 3 10 10 3 10 18 16 13 0 10 20
24 21 9 14 15 24 15 13 20 8 6 12 23 8 4 7 24 18 3 15 17 5 9
15 19 19 11 22 5 4 17 21 8 21 8 4 24 24 10 12 2 9 14 19 20 5 11 14 15 15 15 11 16 8 6 18 9 23 19 11 8 4 24 5
18 16 2 21 5 5
4 21 5 5 13 11 7
14 13 10 9 0 19 17 8 0 18 3 3 15 19 24 12 24 24 15 24 18 18 15 11 0 16 23 11 7
13 10 8 16 16 17 2 17 22
5 9 14 20 13 12 0 15 12 24 12 21 11 18 20 13 3 15 20 5 14 18 6 18 18 3 18 2 10 11 0 11 8 4 21 10 18 7 21 12 0 18 21 4 8 0 7
10 8 16 16 2 0 23 14 5 9 16 2
4 5 13 10 20 19 23 3 15 20 16 17 5 12 2 8 23 15 7 2
5 22 5 18 6
15 12 15
1 19 23 3 11 11 0 11 5 15 12 15 20 19 16 15 15 20 16 12 15
22 15 5 5 22 4 8 4 14 19 2 10 8 23 11 23 8 1 19 11 22 13 15 7 19 17 16 14 12 2 3 2 10 12 14 9 8 16 2 17
6 1 13 13 0 2 3 15
4 0 2 9 19 10 11 9 14 13 19 17 11 23 19 20 19 2 9 12 24 24 18 21 10 10 23 22
12 0 16 10 23 1 21 19 20 6 13 5 7 14 5 12 23 17 1 15 7
4 5 5 14 15 13 11 0 19 11 16 9 14 12 0 11 10 18 4 8
3 22 15 18
10 16 8 4 21 11 8 23 1 19 10 18 6 13 1 13 0 19 23 17 8 16 16 12 14 18 15
21 11 7 3 22 6 20 4 7 19 17 16 2 17 22 4 21 10 10 11 14 19 2
8 23 6 12 18 16 1 19 11 8 3 22 6 8 13 10 8 21 0 13 12 24 12 15 24 24 1 0 0 3 3 23 21 19 4 24 0 16 9 12 14 13 0 19 24 24 21 8 23 6 0 20 13 5
24 5 4 5 6 20 5 14 12 3 23 22 15
19 20 1 3 0 15
5 9 19 19 20 11 17 16 19 20 4 8 4 24 11 8 0 10 10 8 1 6 15 5 12 8 16 19 2 0 19 17 9
12 3 23 22 9 19 17
0 10 9 23 1 19 2 4 21 19 23 22 4 0 3 3 18 18 2 0 2 4 21
20 19 20 7 19 11 10 23 21 4 1 1 1 14 2 11 16 8 3 23 10 3 23 6 13 24 24 11 10 7 18 7 9 5 14 15 15 24 24 10 4 0 23 15 11 9 8 24 5 15 13
9 8 16 15 19 17 8 4 7 9 16 16 17 12 0 7 24 11 10 23 17 12 21 12 3 23 10 10 16 20 16 16 13 21 5 7 19 4 21
19 4 8 19 2 6
0 3 15
9 18 1 1 2 9 0 19 20 19 20 4 21 15 24 21 11 23 6 8 23 22 0 0 10 22 15 17 9 11 11 0 23 21 11 8 16 13 0 16 15
22 17 8 4 8 4 8 0 23 8 4 7 9 5 11 14 5 7 19 16 20 11 17 21 5 6
16 15 12 11 18 6
23 14 5 18 21 4 7 21 5 14 2 3 18
2 9 5 22 9 18 20 11
2 24 15 12 24 1 15 15 14 13 13 21 8 19 4 8
1 17 16 1 4 19 11 23 4 7 3 22 11 14 15 23 14 2 4 2 6 20 6 12 8 3 0 14 13
14 2 11 8 21 4 14 11
19 20 16 19 4 19 16 1 17 3 2
0 14 2 21
24 1 6 0 3 18 20 8 21 9 14 20 2 3 4 2 4 17 16 1 6 17 21 6 14 20 7 21
11 23 21 0 18 1 17 2 9 19 23 17 22 5 9 8 24 18
21 4 7 9
9 19 23 22 15
11 7 21 10 9
3 0 10 12 8 24 18 21 5 9 19 10 18 9 24 10 10 10 4 14 24 0 14 15 23 8 24 13 12 15 23 21 19 4 14 20 11 8 3 0 18 16 13 11 8 21 6
18 1 11 17 16 23 10 4 17 22 23 4 5 5 14 20 5 11 22
23 14 19 4 1 15 7
13 1 15 14 11 22 17 21 0 16 20
5 6 8 4 14 2 11 23 10 7 12 15 13 0 19 11 22 0 23 1 19 10 7 14 4 8 23 21 15 15 5 11 22 17 7 3 4 19 10 23 11 18
7 12 23 4 19 20 2 10 16 8 13
14 15 23 6 14 19 10 10 23 3 22 6 0 2 24 20
14 12 22 11
23 1 14 11 9 20 1 15 12 24 24 21 10 3 21 5
4 0 0 3 15 15 12 15 20
18 8 16 20 6 1 5 6 12 8 24 0 2 8 19 2 17 1 21 11 16 14 19 10 10 9 8 24 24 1 21 0 11 8 19 19 16 1 19 2 17 21 5 15 14 9 18 16 15 19 20 19 17 9 20
13 3 21 15 20 7 21
8 21 12 2 17 8 16 9 12 23 4 14 2 6 14 13 19 4 19 20 4 8
3 21 5 5 6 8 13 5 7 14 11 5 22 6 16 14 20 4 7 9 24 18 9 8 3 11 9 19 17 15 24 0 20 7 18 1 2
13 19 11 18 15 19 11 16 17
7 24 18 15 11 23 3 23 11
3 21 10 22 23 3 11 18 3 2 17 16 12 4 0 11 16 14 5 18 2 17 12 2 0 23 19 17 1 5 13 20 13 3 2 3 15 11 9 11 11 9 16 19 20 19 24 24 10 18 3 4 0 0 14 13 3 18 15
18 2
0 19 20 4 7
3 15 11
10 23 10 9 5 12 22 17 7 21 6 9 0 23 14 5 13 20 5 15 14 2 6
14 11 18 16 10 8 4 21 9 14 20 6 9 20 1 1 1 4 14 2 4 21 8 3 18 3 3 2 21
18 20 16 17 12 18 21 12 22
11 10 18 6 20 13 24 12 18 1 14 20 4 1 6 1 6 20 2 4 19 10 8 16 17 12 23 8 6 13 21 8 24 20 7 2 8 6 15 13 13 0 7 18 1 19 4 5 7 19 11 5
8 16 18 8 3 10 3 11
6 17 7 18 2 17 22 11 8 23 8 24 13 13 13
3 3 0 19 23 14 2 24 11 22 0 19 24 13 3 10 18 8 4 19 24 18
2 24 10 22 5 10 23 22 0 23 19 2 11 18 21 10 22 9 20 8 4 17 11 8 16 19 20 1 21 11 16 19 24 1 21 6 9 18 18 15 12 23 14 7 12 0 19 23 3 21 10 7
23 11 11 14 11 10 22 5
5 9 5 22 6 16 14 5 18 6 14 2 8 13 13 4 8 24 11 16 1 11 8 19 17 2 0 3 4 7 9 20 5 6 17 9
15 5 15 14 15 20 19 17 2 3 4 5 7 18 20 19 17 15 12 21 0 16 16 9 14 15 14 18 9 18 6 12 21 15 15 11
15 5 23 14 11 11 14 4 19 2 17
7 3 3 11 7 14 24 12 0 15 24 18 21 10 23 10 3 15 19 4 17 3 21 0 19 19 17 22 5 11 18 3 23 19 20
19 19 24 0 19 20 16 13 11
16 23 19 4 24 21 9 5 15 12 8 4 1 11 9 14 20
0 23 17 3 15 19 23 21 10 9 14 18 4 2 0 13
5 14 7 12 8 23 3 4 1 17 8 21 6 0 15 19 20 1 21 12 21 19 10 4 8 6 9 12 2 24 11 10 4 0 11 0 14 12 21 5 13 7 2 3 0 7 3 11 22 4 21 15 14 18 17 9 24 1 21
20 19 11 5 5 4 1 11 9 12 15 11 18 8
9 14 13 19 10 10 7 3 18 18 4 7 21 4 8 6 1 15 20 4 8 0 18 8 0 20 13 1 3 4 19 17 5 5 1 15 11 0 19 17 2 4 21 5 4 14 20 13 12 11 8 13 11 9 8 23 14 19 2 24 12 21 6 8
16 16 16 17 5 9 5 22 17 15 24 11 23 22 6
16 15 20 1 3 4 24 10 12 8 4 17 16 19 20
8 6 8 6 18 4 0 16 19 20 2 6 12 23 17 9 18 3 3 15 11 8 13 21 4 5 10 18 17 11 8 1 17 9 0 3 11 5 5 23 21 9 8 13 19 2 4 21 8 13 12 3 23 10 12 8 13 7 9 0 2 24 21 15
5 4 5 11 9 24 10 9 19 2 4 21 0 23 8 16 19 11 18 15 15 20 13 4 7 3 11 22 15 19 10 23 11 5 9
18 4 19 20 11 0 7 12 24 10 3 15 18 8
6 8 6 12 22 15 11 23 6 8 13 10 23 21 5 7 12 4 1 11 16 19 20 2 8 4 19 11 10 7 9 18 7 2
14 4 24 12 21 19 16 10 8 6 0 11
5 11 9 24 13 10 18 21 5 10 23 6 15 17 22 11
3 4 14 20 4 1 14 7 18 18 6 1 11 17 5
18 4 21 15 11
12 3 3 18 1 4 5 10 3 11
24 0 15 5 15 7
1 14 13 11 18 6
20 4 5 11 22 5 10 20 8 21 8 24 5 22 23 15 23 10 23 3 22 13 10 9 19 23 14 2 17 8 19 4 17 1 5 13 5 12 2 4 1 11 14 5 9 20 4 2 3 22 4 0 10 10 4 5 5 23 10 9 24 18 21 19 17
19 19 11 17 1 17
9 8 21 12 8 1 19 2 24 10 10 12 15 5 4 2 6 20 16 12 23 3 11 23 8 16 15
7 12 22 6 1 19 20 13 5 10 20
17 3 15 19 23 8 16 9 19 11 17 1 21 8 6 13 19 24 18 1 6 17
5 5 11 0 2 3 0 20 1 17 7 21 8 13 12 18 8 13 15 11 16 23 15 20 1 17 22 11 8 19 24 13 24 10 9 4 5 22 4 2 3 15 18 6 14 7 9 20
3 0 11 8 0 3 4 17 5 23 4 5 5 13 3 23 8 23 1 13
4 0 3 15 14 9 0 0 14 12 23 3 3 22 9 5 4 5 23 11 23 10 16 1 11 0 0 10 22 17 16 15 20 7
7 24 12 2 4 0 0 10 23 10 8 6 15 12 11 8 16 13 12 3 22 5 7 21
22 15 14 18 15 15 20 19 4 8 0 14 15 7 18 7 9 5 12 24 0 19 23 8 3 18 2 6
5 4 17 8
14 24 0 0 13 21
16 16 17 8 24 24 20 1 11
23 3 3 2 3 0 11 11
20 6 23 14 9 20 8 16 16 10 23 8 21 12 0 10 8 24 13 15 19 20 2 9 8 4 24 20 2 3 0 10 22 11 0 10 11 0 23 17 15 17 2 3 15 13 21 19 10 9 12 8
8 4 2 3 10 4 24 21 6 8 19 19 11 9 0 10 16 12 15 19 16 23 3 4 8 23 3 0 13 19 20 2 11 8 3 15 19 10 11 18 18 20 19 16 1 13 20 7 24 21 0 18
0 23 8 6 18
5 6 20 1 13 24 11
9 11
19 2
0 0 18 17 22 6 17 21 19 19 20 19 11 8 0 2 6 9 11 0 13 21 5 9 14 12 14 2
1 21 0 0 20 6 12 14 13 5 7 3 0 16 14 12 14 4 5
3 0 11 9 12 2 4 0 14 11 23 10 9 8 6 15 17 11 9 23 8
10 8 21 19 24 11 7 14 4 7 2 9 16 13 0 18 15 14 11 10 3 22 5 6 8 13 15 19 11 18
9 11 9 8 16 15 5 14 2 8 13 7 21 0 15
20 16 15 23 19 10 12 14 19 16 13 2 10 11 18 4 1 21 5 15 11 10 22 23 10 10 9 0 7 3 2 17 21
5 7 24 10 4 5 5 14 13
6 20 19 11 14 18 6 14 12 23 14 20 16 2 0 7 21 8 19 24 18 17 8 1 21 10 9 14 12 23 10 12 2 6 0 3 22 13 5 11 7 19 17 11 16 17 15 23 3 18 18 7 15 13 19 16 12 15 5 14 19 2
4 0 18 16 14 2 9 14 15 5 1 1 2 4 17 22 17 12 0 20 19 4 2 4 19 10 11 0 19 24 21 5 23 1 6 23 11 22 23 22 17 22 15 14 24 11 16 17 1 19 2 9 19 2 10 22 9 4 14 19 23 6 16 18 20 16 9
23 21 11 8 13 7 18 17 21 11
3 2 4 19 10 10 22 13 2 21 11 8 23 1 2 0 15 5 10 12 8 21 19 2
9 11 17 22 11 22 11
6 20 16 2 3 10 3 4 7 3 18
14 9 20 1 17 2 11 14 4 1 13 12 14 19 23 21 10 23 4 0 23 19 23 19 10 7 19 20 4 21 15 13 19 16 13 19 4 8
18 4 21 12 4 5 13 15 17
13 4 24 24 18 3 2 11 14 20 1 2
14 13 19 20
12 18 2
3 18 21 9 20 16 14 7 19 24 12 11 8 19 24 10 22 15 17 22 23 21 0 11 18 8 24 1 4 14 11 5 15 5 12 11 5 5 6 17 2 8 13 19 16 12 8 23 14 11 18
2 10 12 4 1 4 8 23 8 13 15 15 17 9 0 18
9 18 6 1 4 1 4 0 0 10 11 16 23 11 16 12 0 16 18 21 4 19 20 6 17
16 1 14 15 5 10 12 0 14 19 16 19 23 3 21
19 20 8 1 21 4 21 19 17 9 12 4 7 18 1 4 19 20 6 12 4 24 12 11
21 5 9 24 20 6 8 4 2 17 8 3 11 9 0 15 20 2 4 0 3 2 0 3 15
9 16 15 19 19 11 7 21 5
20 2 3 15 5 5 22 15 19 19 23 22 4 1 21 15 19 20 6 23 4 5 7 24 20 16 16 16 20 19 2 0 2
4 19 23 14 9 11 22 11 8 24 11 0 15
9 12 22
17 16 15 11 17 8 23 3 2 11 8 0 19 2 6 1 2 17 5 23 8 13 7 2 6 17 1 5 18 3 18 15 12 18 16 17 1 15 18 21 9 0 18
12 0 11 8 1 4 24 10 18 9 14 7 15 24 12 0 15 17 9 4 21 15 15 19 20 1 6 12 22 13 5 23 10 22 5 12 23 15 19 19 4 17 15 14 13 2 0 18 8 4 19 24 10 16 20
14 9 12 24 1 0 10 10 9 16 13 11 5 15 7 2 8 21 8 19 2 4 7 15 15 12 22
20 4 17 9 23 1 5 13 3 10 22 13 7 9 23 21 15 19 20 19 16 8 1 17 16 18 8 19 2 4 14 5 6
16 12 11 9 23 10 7 18 2
21 10 11 9 19 4 19 20 11 23 21 8 23 21 10 20 5 5 4 8
21 6
10 8 21 4 8 23 4 21 0 13 1 3 2 4 24 24 13 7 9
5 13 13 0 16 15 20 13 12 15 5 6 20 7 9 24 24 24 0 16 15 14 19 4 0 11 22 5 10 20 13 21 12 22 4 19 4 21
1 17 11 18 1 1 4 7 19 20 4 7
15 12 24 15
22 5 7 19 19 17 9 0 13 7 15 17 5 1 6 15 13 15
7 24 13 5 1 17 3 18 9 8 23 22 23 17 22 11 10 3 10 4 2 21 4 7 19 24 0 7 12 15 5 14 15 14 2 0 15 20 6 18 6 17 8 3 15 11 10 3 10 10 11 14 2 0 11 8 3 10 11 23 19 16 2 4 5 22 4 19 2
20 4 0 7 3 23 11 14 20 11 7
7 9 5 12 18 4 0 13 11
23 3 3 2 9 14 12 14 20 7 21 10 3 18 21 10 9 11 9 20 1 0 20 4 14 5 11 22
3 18 3 4 8 3 2 11 23 19 16 8 3 11 10 16 1 5 4 7 3 3 4 0 15 14 18 8 24 12 21 6 16 15 7 12 23 8 13 12 3 3 0 3 3 23 10 22
21 11 16 9 5 13 7 12 8 21 19 23 11 16 14 11 9 8 16 9 11 7 2 4 19 2
11 16 14 19 16 17 5 5 14 20 16 23 10 16 9
13 21 15 11 0 10 22 23 3 15 5 11 8 23 8 4 0 13 0 0 11 18 20 4 1 13 5 23 21 4 0 14 12 3 2 9 8
22 15 19 19 19 17 15 14 20 19 11 18 9 16 2 8 6 20 13 10 23 10 4 14 5 13 20 11 16 12 15 15 11 17 9 18 15 5 12 23 21 10 3 23 21 8 19 10 20 4 19 10 11 17 3 0 16 8 13 10 20 5 10 20 19 24 10 12 15
2 6 0 10 9 18 2 24 24 12 23 8 16 9 12 11 16 9 11 17 9 5 5 22 13 19 16 18 8 21 6 13 11
0 18 9 24 11 8 19 20 8 1 21 6 14 20 13 3 18 16 9 24 21 8 3 10 9
10 22 4 21 0 3 15 23 14 4 7 3 23 14 12 0 16 9 4 8 0 23 10 4 21 19 16 10 11 7 18 3 22 11 8 19 19 23 15 13 19 11 17 22 9 5 14 20 7 3 22
9 8 13 11 22 9 5 10 12 24 11 9 18 16 16 16 23 21 8 6 23 22 15
4 17 16 8 23 10 20 6 20 2 24 11 11 8 16 15 17 11 17
5 14 19 2 4 0 11 7 2 6 13 13 19 20
13 21 12 18 18 1 21 8 0 0 3 0 2 4 14 24 18 4 17 12 15 23 8 6 1 4 17 3 0 3 23 19 20
3 22 5 13 10 10 22 6 1 6 17 15 23 11 7 12 4 14 5 13 5 23 11 23 4 21 8 21 10 8 16 9 18 7 12 3 23 6
17 3 2 4 1 15 13 13 5 14 2 4 1 11
23 11 7 14 12 15 7 18 6 20 4 17
21 5 10 22 0 23 3 11 9
10 12 18 16 23 6 9 24 10 20
1 2 10 10 4 24 21 0 23 8 16 23 17 16 19 2
13 5 13 12 15 20 2 17 5 18 1 3 15 20 11 16 15 11 7 3 2 6 0 2 9 16 1 19 24 11 14 5 11 14 13 3 15 7 24 21 12 23 19 2 11 23 22 5 5 23 21
5 10 9 14 2 17 22 9 5 15
5 15 5 11 16 12 22 4 14 9 11 22 15
21 6
20 2 24 1 6
3 22 4 21 9 5 5 9 20 1 11 17 8 13 19 10 8 24 24 13 1 3 2 24 0 15 7 18 4 0 15 13 7 19 24 24 1 14 12 11 8 21 19 2 24 12 8 6 14 19 17 21 19 2 6 13 20 16 9
18 8 3 18 7
4 0 0 15 13 10 7 15 13 1 2 3 18 3 18 9 5 1 15
6 15 23 17 9 14 20 19 23 21 9 14 13 21 4 2 8 13 13 7 3 15 20 16 9 14 13 19 16 16 17 8 4 14 18 3 15
15 18
24 10 16 19 2 21
9 8 0 13 0 15 14 11 18 9 23 14 20 8 6 9 24 0 18 15 5 13
22 6
24 11 10 20 7
13 13 13
15 15 5 10 22 13 5
5 14 19 16 9 18 16 12 8 23 21 10 10 9 0 3 18 1 6 14 13 1 11 9 20 1 17 15 20 19 17 16 23 3 11 16 13 13 4 21 11 10 10 23 21 5 18
18 16 19 24 24 1 11 16 9 18
12 23 3 15 12 2 24 21 8 13 2 17 2 11 9 16 19 19 11 22 13 12 0 2 9 0 7 14 19 2 0 3 15 12 18 3 23 8 21 15 23 10 10 8 1 6 17 3 11 10 8 24 0 3 4 14 15
15 13 3 18 18
0 15 13
5 10 12 11 5 9 5 5 11 17 5 9 12 8 21 19 20 16 1 11
13 13 5 1 21 4 5 4 24 1 2
11 11 5 22 6 18 17 22 4 19 2 0 0 13 1 11 18 7 12 24 15 11 0 11 14 20 11 8 6 12 4 5 10 18 16 23 22 4 0 14 2 0 13 20 5 6 1 1 4 5 5 11
23 21 5 13 5 12 11 9 12 24 0 15 23 17 9 8 4 0 0 3 4 14 15 14 9 5 18 6 20 8 21 10 11 0 3 18 20 16 10 8 0 15 14 2 6 18 7 24 5 1 6 1 15 12 11
10 3 0 19 2 21 11
7 14 24 10 8
1 6 15 17 5 9 18 21 19 20 19 20 6
6 14 19 10 20 11 22 5 7 19 17 21 4 1 5 12 23 8 21
0 7 24 20 16 17 8 19 11 22 0 11 16 9 4 1 17 22 13 13 13 0 13 12 15 19 2 10 11 5 10 7 24 12 8 1 21 8 23 10 23 3 0 14 13
6 15 18 16 10 10 8 0 3 11 8 23 15 14 4 21 5 13 7 14 12 3 0 2 6 16 23 22 13 11 10 8 13 24 10 3 4 14 7
23 21 5 15 12 14 13 0 11 0 7 2 6 15 11 16 23 11 18 8 1 17 1 6 17 21 5 13 0 16 14 11 7 19 20 13 1 4 14 9 14 2 3 23 22 0 13 4 0 3 2 21 4 14 7 14 24 5 14 4 17 15 15 5 7
11 0 0 3 2 24 12 11 7 19 19 23 8 6 1 17 1 0 18 8 21 6 12 2 0 20 1 11 0 20 13 12 14 7 24 21 8 1 0 18 15 17 1 13 19 4 7 15 5 13 4 2 0 15 17 1 21 6 17 1 3 10 9 8 3 11 7
8 19 24 12 15 7 3 4 14 11 0 16 8 1 13 15
6 23 8 16 1 14 12 0 2
6 15 18 20 11
7 9 19 19 16 17 1 17 15 7 2 4 7 15 12 23 11
11 22
24 24 0 16 9
15 14 18 2 3 2 8 3 4 0 20 8 24 24 15
5 7 2 24 12 15 7 18 6 18 2 21 5 14 11 8 16 10 10 12 8 4 19 10 4 8 3 10 18 16 14 18 1 17 21 9 0 11
10 4 17 2 17 22 5 14 11 14 4 24 18 20 13 7 19 2 6 13 11
23 10 12 15 20 19 10 20 13 7 9 16 20
24 13 5 13 1 19 10 12 4 19 20
3 22
1 13 15 5 23 10 10 12 23 6 18 4 5 9 5 9 18 16 17 11 11 14 20 8 19 4 19 20 19 17 15 15 12 21 5 13 12 14 20 2 6 17 22 4 7 2 9 19 11 22 17
20 6 15 23 1 6 17 21 12 0 11 11 0 20 16 19 19 4 0 15 19 23 11 0 20 11 23 19 19 11 0 13 10 18 15 17
23 4 21 8 23 17 9 11 10 16 10 10 3 15 20 1 21 9 5 12 4 14 20 19 19 17 22 23 19 17 21 15 14 13 20 13 13 0 19 10 12 11 8 0 3 3 23 21 15 20 13 20 6 1 13 15 11 22 17 5 14 5 4 5 5
24 12 8 19 20
0 23 3 23 22 17 7 3 4 5 5 13 2 4 2 9 5 15 7 24 18 17 12 4 1 21 12 0 19 16 1 17 15 24 15 7 12 3 10 3 3 2
10 9 5 5 18 17 16 17 8 16 23 1 15 19 24 10 8 4 0 0 14 19 2 24 1 15
1 0 2 10 8 3 3 0 23 8 16 13 15 23 19 4 14 13 19 11 16 14 13 12 2 17 2 6 14 4 19 16 14 24 11
0 3 10 7 21 10 11 11 0 11 18 15 7 21 9 12 0 0 0 0 18
3 23 3 21 8 16 19 23 11 16 23 10 12 14 20 16 8 16 23 10 12 8 23 22 0 14 19 20 7 18 9 20 1 14 20 8 23 1 4 14 24 10 12 8 6 15
15 20 19 23 3 0 11 9 11 10 18 6 20 19 19 24 5 23 6 18 18 15 17 15 17 5 15
3 23 15
16 14 13 15 5 6 16 17
0 11
4 8 4 19 24 24 15 12 4 24 24 18 3 18 7 21 6
15 5 9 11 22 15 5 6 18 3 23 15 5 7 21 8 24 18 16 8 13 1 0 0 23 11 16 2 10 3 23 8 4 17 22 4 14 24 5 23 4 21 15 5 11
11 16 19 10 4 1 14 5 5
0 0 14 20
7 24 15 5 15 17
10 8 1 13
23 21 0 13 15 14 13 0 10 22 6 14 4 19 19 19 20 8 21 8 0 7 19 2 8 6 1 11 17 5 12 0 14 13 19 20
2 0 7 19 4 5 4 1 19 20 5 11 14 15 23 17 22 5
7 12 21 11 22 13 11 8 3 21
8 0 0 15 5 7 21
7 2 10 23 3 4 5 4 5 18 17
24 21 10 12 21 8 3 10 18 2 4 1 21 19 10 10 7 24 21
7 21 9 14 15 17 16 15 20 5 13 0 7 21
20 11 17 11
13 4 21 8 4 1 4 8 1 3 22 6 14 2 3 18 3 4 14 2 21 11 9 8 3 22 17 15 19 20 2 8 23 19 23 4 5
15 19 11 8 4 19 19 16 23 1 6 8 13 20 11 16 12 2 10 23 4 1 5 6 9 14 7 14 24 15 5
3 18 2
